 35.50   35.50625000
 35.51   35.51458333
 35.52   35.52291667
 35.53   35.53125000
 35.54   35.53958333
 35.54   35.54791667
 35.55   35.55625000
 35.56   35.56458333
 35.57   35.57291667
 35.58   35.58125000
 35.59   35.58958333
 35.59   35.59791667
 35.60   35.60625000
 35.61   35.61458333
 35.62   35.62291667
 35.63   35.63125000
 35.64   35.63958333
 35.64   35.64791667
 35.65   35.65625000
 35.66   35.66458333
 35.67   35.67291667
 35.68   35.68125000
 35.69   35.68958333
 35.69   35.69791667
 35.70   35.70625000
 35.71   35.71458333
 35.72   35.72291667
 35.73   35.73125000
 35.74   35.73958333
 35.74   35.74791667
 35.75   35.75625000
 35.76   35.76458333
 35.77   35.77291667
 35.78   35.78125000
 35.79   35.78958333
 35.79   35.79791667
 35.80   35.80625000
 35.81   35.81458333
 35.82   35.82291667
 35.83   35.83125000
 35.84   35.83958333
 35.84   35.84791667
 35.85   35.85625000
 35.86   35.86458333
 35.87   35.87291667
 35.88   35.88125000
 35.89   35.88958333
 35.89   35.89791667
 35.90   35.90625000
 35.91   35.91458333
 35.92   35.92291667
 35.93   35.93125000
 35.94   35.93958333
 35.94   35.94791667
 35.95   35.95625000
 35.96   35.96458333
 35.97   35.97291667
 35.98   35.98125000
 35.99   35.98958333
 35.99   35.99791667
 36.00   36.00625000
 36.01   36.01458333
 36.02   36.02291667
 36.03   36.03125000
 36.04   36.03958333
 36.04   36.04791667
 36.05   36.05625000
 36.06   36.06458333
 36.07   36.07291667
 36.08   36.08125000
 36.09   36.08958333
 36.09   36.09791667
 36.10   36.10625000
 36.11   36.11458333
 36.12   36.12291667
 36.13   36.13125000
 36.14   36.13958333
 36.14   36.14791667
 36.15   36.15625000
 36.16   36.16458333
 36.17   36.17291667
 36.18   36.18125000
 36.19   36.18958333
 36.19   36.19791667
 36.20   36.20625000
 36.21   36.21458333
 36.22   36.22291667
 36.23   36.23125000
 36.24   36.23958333
 36.24   36.24791667
 36.25   36.25625000
 36.26   36.26458333
 36.27   36.27291667
 36.28   36.28125000
 36.29   36.28958333
 36.29   36.29791667
 36.30   36.30625000
 36.31   36.31458333
 36.32   36.32291667
 36.33   36.33125000
 36.34   36.33958333
 36.34   36.34791667
 36.35   36.35625000
 36.36   36.36458333
 36.37   36.37291667
 36.38   36.38125000
 36.39   36.38958333
 36.39   36.39791667
 36.40   36.40625000
 36.41   36.41458333
 36.42   36.42291667
 36.43   36.43125000
 36.44   36.43958333
 36.44   36.44791667
 36.45   36.45625000
 36.46   36.46458333
 36.47   36.47291667
 36.48   36.48125000
 36.49   36.48958333
 36.49   36.49791667
 36.50   36.50625000
 36.51   36.51458333
 36.52   36.52291667
 36.53   36.53125000
 36.54   36.53958333
 36.54   36.54791667
 36.55   36.55625000
 36.56   36.56458333
 36.57   36.57291667
 36.58   36.58125000
 36.59   36.58958333
 36.59   36.59791667
 36.60   36.60625000
 36.61   36.61458333
 36.62   36.62291667
 36.63   36.63125000
 36.64   36.63958333
 36.64   36.64791667
 36.65   36.65625000
 36.66   36.66458333
 36.67   36.67291667
 36.68   36.68125000
 36.69   36.68958333
 36.69   36.69791667
 36.70   36.70625000
 36.71   36.71458333
 36.72   36.72291667
 36.73   36.73125000
 36.74   36.73958333
 36.74   36.74791667
 36.75   36.75625000
 36.76   36.76458333
 36.77   36.77291667
 36.78   36.78125000
 36.79   36.78958333
 36.79   36.79791667
 36.80   36.80625000
 36.81   36.81458333
 36.82   36.82291667
 36.83   36.83125000
 36.84   36.83958333
 36.84   36.84791667
 36.85   36.85625000
 36.86   36.86458333
 36.87   36.87291667
 36.88   36.88125000
 36.89   36.88958333
 36.89   36.89791667
 36.90   36.90625000
 36.91   36.91458333
 36.92   36.92291667
 36.93   36.93125000
 36.94   36.93958333
 36.94   36.94791667
 36.95   36.95625000
 36.96   36.96458333
 36.97   36.97291667
 36.98   36.98125000
 36.99   36.98958333
 36.99   36.99791667
 37.00   37.00625000
 37.01   37.01458333
 37.02   37.02291667
 37.03   37.03125000
 37.04   37.03958333
 37.04   37.04791667
 37.05   37.05625000
 37.06   37.06458333
 37.07   37.07291667
 37.08   37.08125000
 37.09   37.08958333
 37.09   37.09791667
 37.10   37.10625000
 37.11   37.11458333
 37.12   37.12291667
 37.13   37.13125000
 37.14   37.13958333
 37.14   37.14791667
 37.15   37.15625000
 37.16   37.16458333
 37.17   37.17291667
 37.18   37.18125000
 37.19   37.18958333
 37.19   37.19791667
 37.20   37.20625000
 37.21   37.21458333
 37.22   37.22291667
 37.23   37.23125000
 37.24   37.23958333
 37.24   37.24791667
 37.25   37.25625000
 37.26   37.26458333
 37.27   37.27291667
 37.28   37.28125000
 37.29   37.28958333
 37.29   37.29791667
 37.30   37.30625000
 37.31   37.31458333
 37.32   37.32291667
 37.33   37.33125000
 37.34   37.33958333
 37.34   37.34791667
 37.35   37.35625000
 37.36   37.36458333
 37.37   37.37291667
 37.38   37.38125000
 37.39   37.38958333
 37.39   37.39791667
 37.40   37.40625000
 37.41   37.41458333
 37.42   37.42291667
 37.43   37.43125000
 37.44   37.43958333
 37.44   37.44791667
 37.45   37.45625000
 37.46   37.46458333
 37.47   37.47291667
 37.48   37.48125000
 37.49   37.48958333
 37.49   37.49791667
 37.50   37.50625000
 37.51   37.51458333
 37.52   37.52291667
 37.53   37.53125000
 37.54   37.53958333
 37.54   37.54791667
 37.55   37.55625000
 37.56   37.56458333
 37.57   37.57291667
 37.58   37.58125000
 37.59   37.58958333
 37.59   37.59791667
 37.60   37.60625000
 37.61   37.61458333
 37.62   37.62291667
 37.63   37.63125000
 37.64   37.63958333
 37.64   37.64791667
 37.65   37.65625000
 37.66   37.66458333
 37.67   37.67291667
 37.68   37.68125000
 37.69   37.68958333
 37.69   37.69791667
 37.70   37.70625000
 37.71   37.71458333
 37.72   37.72291667
 37.73   37.73125000
 37.74   37.73958333
 37.74   37.74791667
 37.75   37.75625000
 37.76   37.76458333
 37.77   37.77291667
 37.78   37.78125000
 37.79   37.78958333
 37.79   37.79791667
 37.80   37.80625000
 37.81   37.81458333
 37.82   37.82291667
 37.83   37.83125000
 37.84   37.83958333
 37.84   37.84791667
 37.85   37.85625000
 37.86   37.86458333
 37.87   37.87291667
 37.88   37.88125000
 37.89   37.88958333
 37.89   37.89791667
 37.90   37.90625000
 37.91   37.91458333
 37.92   37.92291667
 37.93   37.93125000
 37.94   37.93958333
 37.94   37.94791667
 37.95   37.95625000
 37.96   37.96458333
 37.97   37.97291667
 37.98   37.98125000
 37.99   37.98958333
 37.99   37.99791667
 38.00   38.00625000
 38.01   38.01458333
 38.02   38.02291667
 38.03   38.03125000
 38.04   38.03958333
 38.04   38.04791667
 38.05   38.05625000
 38.06   38.06458333
 38.07   38.07291667
 38.08   38.08125000
 38.09   38.08958333
 38.09   38.09791667
 38.10   38.10625000
 38.11   38.11458333
 38.12   38.12291667
 38.13   38.13125000
 38.14   38.13958333
 38.14   38.14791667
 38.15   38.15625000
 38.16   38.16458333
 38.17   38.17291667
 38.18   38.18125000
 38.19   38.18958333
 38.19   38.19791667
 38.20   38.20625000
 38.21   38.21458333
 38.22   38.22291667
 38.23   38.23125000
 38.24   38.23958333
 38.24   38.24791667
 38.25   38.25625000
 38.26   38.26458333
 38.27   38.27291667
 38.28   38.28125000
 38.29   38.28958333
 38.29   38.29791667
 38.30   38.30625000
 38.31   38.31458333
 38.32   38.32291667
 38.33   38.33125000
 38.34   38.33958333
 38.34   38.34791667
 38.35   38.35625000
 38.36   38.36458333
 38.37   38.37291667
 38.38   38.38125000
 38.39   38.38958333
 38.39   38.39791667
 38.40   38.40625000
 38.41   38.41458333
 38.42   38.42291667
 38.43   38.43125000
 38.44   38.43958333
 38.44   38.44791667
 38.45   38.45625000
 38.46   38.46458333
 38.47   38.47291667
 38.48   38.48125000
 38.49   38.48958333
 38.49   38.49791667
 38.50   38.50625000
 38.51   38.51458333
 38.52   38.52291667
 38.53   38.53125000
 38.54   38.53958333
 38.54   38.54791667
 38.55   38.55625000
 38.56   38.56458333
 38.57   38.57291667
 38.58   38.58125000
 38.59   38.58958333
 38.59   38.59791667
 38.60   38.60625000
 38.61   38.61458333
 38.62   38.62291667
 38.63   38.63125000
 38.64   38.63958333
 38.64   38.64791667
 38.65   38.65625000
 38.66   38.66458333
 38.67   38.67291667
 38.68   38.68125000
 38.69   38.68958333
 38.69   38.69791667
 38.70   38.70625000
 38.71   38.71458333
 38.72   38.72291667
 38.73   38.73125000
 38.74   38.73958333
 38.74   38.74791667
 38.75   38.75625000
 38.76   38.76458333
 38.77   38.77291667
 38.78   38.78125000
 38.79   38.78958333
 38.79   38.79791667
 38.80   38.80625000
 38.81   38.81458333
 38.82   38.82291667
 38.83   38.83125000
 38.84   38.83958333
 38.84   38.84791667
 38.85   38.85625000
 38.86   38.86458333
 38.87   38.87291667
 38.88   38.88125000
 38.89   38.88958333
 38.89   38.89791667
 38.90   38.90625000
 38.91   38.91458333
 38.92   38.92291667
 38.93   38.93125000
 38.94   38.93958333
 38.94   38.94791667
 38.95   38.95625000
 38.96   38.96458333
 38.97   38.97291667
 38.98   38.98125000
 38.99   38.98958333
 38.99   38.99791667
 39.00   39.00625000
 39.01   39.01458333
 39.02   39.02291667
 39.03   39.03125000
 39.04   39.03958333
 39.04   39.04791667
 39.05   39.05625000
 39.06   39.06458333
 39.07   39.07291667
 39.08   39.08125000
 39.09   39.08958333
 39.09   39.09791667
 39.10   39.10625000
 39.11   39.11458333
 39.12   39.12291667
 39.13   39.13125000
 39.14   39.13958333
 39.14   39.14791667
 39.15   39.15625000
 39.16   39.16458333
 39.17   39.17291667
 39.18   39.18125000
 39.19   39.18958333
 39.19   39.19791667
 39.20   39.20625000
 39.21   39.21458333
 39.22   39.22291667
 39.23   39.23125000
 39.24   39.23958333
 39.24   39.24791667
 39.25   39.25625000
 39.26   39.26458333
 39.27   39.27291667
 39.28   39.28125000
 39.29   39.28958333
 39.29   39.29791667
 39.30   39.30625000
 39.31   39.31458333
 39.32   39.32291667
 39.33   39.33125000
 39.34   39.33958333
 39.34   39.34791667
 39.35   39.35625000
 39.36   39.36458333
 39.37   39.37291667
 39.38   39.38125000
 39.39   39.38958333
 39.39   39.39791667
 39.40   39.40625000
 39.41   39.41458333
 39.42   39.42291667
 39.43   39.43125000
 39.44   39.43958333
 39.44   39.44791667
 39.45   39.45625000
 39.46   39.46458333
 39.47   39.47291667
 39.48   39.48125000
 39.49   39.48958333
 39.49   39.49791667
 39.50   39.50625000
 39.51   39.51458333
 39.52   39.52291667
 39.53   39.53125000
 39.54   39.53958333
 39.54   39.54791667
 39.55   39.55625000
 39.56   39.56458333
 39.57   39.57291667
 39.58   39.58125000
 39.59   39.58958333
 39.59   39.59791667
 39.60   39.60625000
 39.61   39.61458333
 39.62   39.62291667
 39.63   39.63125000
 39.64   39.63958333
 39.64   39.64791667
 39.65   39.65625000
 39.66   39.66458333
 39.67   39.67291667
 39.68   39.68125000
 39.69   39.68958333
 39.69   39.69791667
 39.70   39.70625000
 39.71   39.71458333
 39.72   39.72291667
 39.73   39.73125000
 39.74   39.73958333
 39.74   39.74791667
 39.75   39.75625000
 39.76   39.76458333
 39.77   39.77291667
 39.78   39.78125000
 39.79   39.78958333
 39.79   39.79791667
 39.80   39.80625000
 39.81   39.81458333
 39.82   39.82291667
 39.83   39.83125000
 39.84   39.83958333
 39.84   39.84791667
 39.85   39.85625000
 39.86   39.86458333
 39.87   39.87291667
 39.88   39.88125000
 39.89   39.88958333
 39.89   39.89791667
 39.90   39.90625000
 39.91   39.91458333
 39.92   39.92291667
 39.93   39.93125000
 39.94   39.93958333
 39.94   39.94791667
 39.95   39.95625000
 39.96   39.96458333
 39.97   39.97291667
 39.98   39.98125000
 39.99   39.98958333
 39.99   39.99791667
 40.00   40.00625000
 40.01   40.01458333
 40.02   40.02291667
 40.03   40.03125000
 40.04   40.03958333
 40.04   40.04791667
 40.05   40.05625000
 40.06   40.06458333
 40.07   40.07291667
 40.08   40.08125000
 40.09   40.08958333
 40.09   40.09791667
 40.10   40.10625000
 40.11   40.11458333
 40.12   40.12291667
 40.13   40.13125000
 40.14   40.13958333
 40.14   40.14791667
 40.15   40.15625000
 40.16   40.16458333
 40.17   40.17291667
 40.18   40.18125000
 40.19   40.18958333
 40.19   40.19791667
 40.20   40.20625000
 40.21   40.21458333
 40.22   40.22291667
 40.23   40.23125000
 40.24   40.23958333
 40.24   40.24791667
 40.25   40.25625000
 40.26   40.26458333
 40.27   40.27291667
 40.28   40.28125000
 40.29   40.28958333
 40.29   40.29791667
 40.30   40.30625000
 40.31   40.31458333
 40.32   40.32291667
 40.33   40.33125000
 40.34   40.33958333
 40.34   40.34791667
 40.35   40.35625000
 40.36   40.36458333
 40.37   40.37291667
 40.38   40.38125000
 40.39   40.38958333
 40.39   40.39791667
 40.40   40.40625000
 40.41   40.41458333
 40.42   40.42291667
 40.43   40.43125000
 40.44   40.43958333
 40.44   40.44791667
 40.45   40.45625000
 40.46   40.46458333
 40.47   40.47291667
 40.48   40.48125000
 40.49   40.48958333
 40.49   40.49791667
 40.50   40.50625000
 40.51   40.51458333
 40.52   40.52291667
 40.53   40.53125000
 40.54   40.53958333
 40.54   40.54791667
 40.55   40.55625000
 40.56   40.56458333
 40.57   40.57291667
 40.58   40.58125000
 40.59   40.58958333
 40.59   40.59791667
 40.60   40.60625000
 40.61   40.61458333
 40.62   40.62291667
 40.63   40.63125000
 40.64   40.63958333
 40.64   40.64791667
 40.65   40.65625000
 40.66   40.66458333
 40.67   40.67291667
 40.68   40.68125000
 40.69   40.68958333
 40.69   40.69791667
 40.70   40.70625000
 40.71   40.71458333
 40.72   40.72291667
 40.73   40.73125000
 40.74   40.73958333
 40.74   40.74791667
 40.75   40.75625000
 40.76   40.76458333
 40.77   40.77291667
 40.78   40.78125000
 40.79   40.78958333
 40.79   40.79791667
 40.80   40.80625000
 40.81   40.81458333
 40.82   40.82291667
 40.83   40.83125000
 40.84   40.83958333
 40.84   40.84791667
 40.85   40.85625000
 40.86   40.86458333
 40.87   40.87291667
 40.88   40.88125000
 40.89   40.88958333
 40.89   40.89791667
 40.90   40.90625000
 40.91   40.91458333
 40.92   40.92291667
 40.93   40.93125000
 40.94   40.93958333
 40.94   40.94791667
 40.95   40.95625000
 40.96   40.96458333
 40.97   40.97291667
 40.98   40.98125000
 40.99   40.98958333
 40.99   40.99791667
 41.00   41.00625000
 41.01   41.01458333
 41.02   41.02291667
 41.03   41.03125000
 41.04   41.03958333
 41.04   41.04791667
 41.05   41.05625000
 41.06   41.06458333
 41.07   41.07291667
 41.08   41.08125000
 41.09   41.08958333
 41.09   41.09791667
 41.10   41.10625000
 41.11   41.11458333
 41.12   41.12291667
 41.13   41.13125000
 41.14   41.13958333
 41.14   41.14791667
 41.15   41.15625000
 41.16   41.16458333
 41.17   41.17291667
 41.18   41.18125000
 41.19   41.18958333
 41.19   41.19791667
 41.20   41.20625000
 41.21   41.21458333
 41.22   41.22291667
 41.23   41.23125000
 41.24   41.23958333
 41.24   41.24791667
 41.25   41.25625000
 41.26   41.26458333
 41.27   41.27291667
 41.28   41.28125000
 41.29   41.28958333
 41.29   41.29791667
 41.30   41.30625000
 41.31   41.31458333
 41.32   41.32291667
 41.33   41.33125000
 41.34   41.33958333
 41.34   41.34791667
 41.35   41.35625000
 41.36   41.36458333
 41.37   41.37291667
 41.38   41.38125000
 41.39   41.38958333
 41.39   41.39791667
