-22.00  -21.99375000
-21.99  -21.98541667
-21.98  -21.97708333
-21.97  -21.96875000
-21.96  -21.96041667
-21.96  -21.95208333
-21.95  -21.94375000
-21.94  -21.93541667
-21.93  -21.92708333
-21.92  -21.91875000
-21.91  -21.91041667
-21.91  -21.90208333
-21.90  -21.89375000
-21.89  -21.88541667
-21.88  -21.87708333
-21.87  -21.86875000
-21.86  -21.86041667
-21.86  -21.85208333
-21.85  -21.84375000
-21.84  -21.83541667
-21.83  -21.82708333
-21.82  -21.81875000
-21.81  -21.81041667
-21.81  -21.80208333
-21.80  -21.79375000
-21.79  -21.78541667
-21.78  -21.77708333
-21.77  -21.76875000
-21.76  -21.76041667
-21.76  -21.75208333
-21.75  -21.74375000
-21.74  -21.73541667
-21.73  -21.72708333
-21.72  -21.71875000
-21.71  -21.71041667
-21.71  -21.70208333
-21.70  -21.69375000
-21.69  -21.68541667
-21.68  -21.67708333
-21.67  -21.66875000
-21.66  -21.66041667
-21.66  -21.65208333
-21.65  -21.64375000
-21.64  -21.63541667
-21.63  -21.62708333
-21.62  -21.61875000
-21.61  -21.61041667
-21.61  -21.60208333
-21.60  -21.59375000
-21.59  -21.58541667
-21.58  -21.57708333
-21.57  -21.56875000
-21.56  -21.56041667
-21.56  -21.55208333
-21.55  -21.54375000
-21.54  -21.53541667
-21.53  -21.52708333
-21.52  -21.51875000
-21.51  -21.51041667
-21.51  -21.50208333
-21.50  -21.49375000
-21.49  -21.48541667
-21.48  -21.47708333
-21.47  -21.46875000
-21.46  -21.46041667
-21.46  -21.45208333
-21.45  -21.44375000
-21.44  -21.43541667
-21.43  -21.42708333
-21.42  -21.41875000
-21.41  -21.41041667
-21.41  -21.40208333
-21.40  -21.39375000
-21.39  -21.38541667
-21.38  -21.37708333
-21.37  -21.36875000
-21.36  -21.36041667
-21.36  -21.35208333
-21.35  -21.34375000
-21.34  -21.33541667
-21.33  -21.32708333
-21.32  -21.31875000
-21.31  -21.31041667
-21.31  -21.30208333
-21.30  -21.29375000
-21.29  -21.28541667
-21.28  -21.27708333
-21.27  -21.26875000
-21.26  -21.26041667
-21.26  -21.25208333
-21.25  -21.24375000
-21.24  -21.23541667
-21.23  -21.22708333
-21.22  -21.21875000
-21.21  -21.21041667
-21.21  -21.20208333
-21.20  -21.19375000
-21.19  -21.18541667
-21.18  -21.17708333
-21.17  -21.16875000
-21.16  -21.16041667
-21.16  -21.15208333
-21.15  -21.14375000
-21.14  -21.13541667
-21.13  -21.12708333
-21.12  -21.11875000
-21.11  -21.11041667
-21.11  -21.10208333
-21.10  -21.09375000
-21.09  -21.08541667
-21.08  -21.07708333
-21.07  -21.06875000
-21.06  -21.06041667
-21.06  -21.05208333
-21.05  -21.04375000
-21.04  -21.03541667
-21.03  -21.02708333
-21.02  -21.01875000
-21.01  -21.01041667
-21.01  -21.00208333
-21.00  -20.99375000
-20.99  -20.98541667
-20.98  -20.97708333
-20.97  -20.96875000
-20.96  -20.96041667
-20.96  -20.95208333
-20.95  -20.94375000
-20.94  -20.93541667
-20.93  -20.92708333
-20.92  -20.91875000
-20.91  -20.91041667
-20.91  -20.90208333
-20.90  -20.89375000
-20.89  -20.88541667
-20.88  -20.87708333
-20.87  -20.86875000
-20.86  -20.86041667
-20.86  -20.85208333
-20.85  -20.84375000
-20.84  -20.83541667
-20.83  -20.82708333
-20.82  -20.81875000
-20.81  -20.81041667
-20.81  -20.80208333
-20.80  -20.79375000
-20.79  -20.78541667
-20.78  -20.77708333
-20.77  -20.76875000
-20.76  -20.76041667
-20.76  -20.75208333
-20.75  -20.74375000
-20.74  -20.73541667
-20.73  -20.72708333
-20.72  -20.71875000
-20.71  -20.71041667
-20.71  -20.70208333
-20.70  -20.69375000
-20.69  -20.68541667
-20.68  -20.67708333
-20.67  -20.66875000
-20.66  -20.66041667
-20.66  -20.65208333
-20.65  -20.64375000
-20.64  -20.63541667
-20.63  -20.62708333
-20.62  -20.61875000
-20.61  -20.61041667
-20.61  -20.60208333
-20.60  -20.59375000
-20.59  -20.58541667
-20.58  -20.57708333
-20.57  -20.56875000
-20.56  -20.56041667
-20.56  -20.55208333
-20.55  -20.54375000
-20.54  -20.53541667
-20.53  -20.52708333
-20.52  -20.51875000
-20.51  -20.51041667
-20.51  -20.50208333
-20.50  -20.49375000
-20.49  -20.48541667
-20.48  -20.47708333
-20.47  -20.46875000
-20.46  -20.46041667
-20.46  -20.45208333
-20.45  -20.44375000
-20.44  -20.43541667
-20.43  -20.42708333
-20.42  -20.41875000
-20.41  -20.41041667
-20.41  -20.40208333
-20.40  -20.39375000
-20.39  -20.38541667
-20.38  -20.37708333
-20.37  -20.36875000
-20.36  -20.36041667
-20.36  -20.35208333
-20.35  -20.34375000
-20.34  -20.33541667
-20.33  -20.32708333
-20.32  -20.31875000
-20.31  -20.31041667
-20.31  -20.30208333
-20.30  -20.29375000
-20.29  -20.28541667
-20.28  -20.27708333
-20.27  -20.26875000
-20.26  -20.26041667
-20.26  -20.25208333
-20.25  -20.24375000
-20.24  -20.23541667
-20.23  -20.22708333
-20.22  -20.21875000
-20.21  -20.21041667
-20.21  -20.20208333
-20.20  -20.19375000
-20.19  -20.18541667
-20.18  -20.17708333
-20.17  -20.16875000
-20.16  -20.16041667
-20.16  -20.15208333
-20.15  -20.14375000
-20.14  -20.13541667
-20.13  -20.12708333
-20.12  -20.11875000
-20.11  -20.11041667
-20.11  -20.10208333
-20.10  -20.09375000
-20.09  -20.08541667
-20.08  -20.07708333
-20.07  -20.06875000
-20.06  -20.06041667
-20.06  -20.05208333
-20.05  -20.04375000
-20.04  -20.03541667
-20.03  -20.02708333
-20.02  -20.01875000
-20.01  -20.01041667
-20.01  -20.00208333
-20.00  -19.99375000
-19.99  -19.98541667
-19.98  -19.97708333
-19.97  -19.96875000
-19.96  -19.96041667
-19.96  -19.95208333
-19.95  -19.94375000
-19.94  -19.93541667
-19.93  -19.92708333
-19.92  -19.91875000
-19.91  -19.91041667
-19.91  -19.90208333
-19.90  -19.89375000
-19.89  -19.88541667
-19.88  -19.87708333
-19.87  -19.86875000
-19.86  -19.86041667
-19.86  -19.85208333
-19.85  -19.84375000
-19.84  -19.83541667
-19.83  -19.82708333
-19.82  -19.81875000
-19.81  -19.81041667
-19.81  -19.80208333
-19.80  -19.79375000
-19.79  -19.78541667
-19.78  -19.77708333
-19.77  -19.76875000
-19.76  -19.76041667
-19.76  -19.75208333
-19.75  -19.74375000
-19.74  -19.73541667
-19.73  -19.72708333
-19.72  -19.71875000
-19.71  -19.71041667
-19.71  -19.70208333
-19.70  -19.69375000
-19.69  -19.68541667
-19.68  -19.67708333
-19.67  -19.66875000
-19.66  -19.66041667
-19.66  -19.65208333
-19.65  -19.64375000
-19.64  -19.63541667
-19.63  -19.62708333
-19.62  -19.61875000
-19.61  -19.61041667
-19.61  -19.60208333
-19.60  -19.59375000
-19.59  -19.58541667
-19.58  -19.57708333
-19.57  -19.56875000
-19.56  -19.56041667
-19.56  -19.55208333
-19.55  -19.54375000
-19.54  -19.53541667
-19.53  -19.52708333
-19.52  -19.51875000
-19.51  -19.51041667
-19.51  -19.50208333
-19.50  -19.49375000
-19.49  -19.48541667
-19.48  -19.47708333
-19.47  -19.46875000
-19.46  -19.46041667
-19.46  -19.45208333
-19.45  -19.44375000
-19.44  -19.43541667
-19.43  -19.42708333
-19.42  -19.41875000
-19.41  -19.41041667
-19.41  -19.40208333
-19.40  -19.39375000
-19.39  -19.38541667
-19.38  -19.37708333
-19.37  -19.36875000
-19.36  -19.36041667
-19.36  -19.35208333
-19.35  -19.34375000
-19.34  -19.33541667
-19.33  -19.32708333
-19.32  -19.31875000
-19.31  -19.31041667
-19.31  -19.30208333
-19.30  -19.29375000
-19.29  -19.28541667
-19.28  -19.27708333
-19.27  -19.26875000
-19.26  -19.26041667
-19.26  -19.25208333
-19.25  -19.24375000
-19.24  -19.23541667
-19.23  -19.22708333
-19.22  -19.21875000
-19.21  -19.21041667
-19.21  -19.20208333
-19.20  -19.19375000
-19.19  -19.18541667
-19.18  -19.17708333
-19.17  -19.16875000
-19.16  -19.16041667
-19.16  -19.15208333
-19.15  -19.14375000
-19.14  -19.13541667
-19.13  -19.12708333
-19.12  -19.11875000
-19.11  -19.11041667
-19.11  -19.10208333
-19.10  -19.09375000
-19.09  -19.08541667
-19.08  -19.07708333
-19.07  -19.06875000
-19.06  -19.06041667
-19.06  -19.05208333
-19.05  -19.04375000
-19.04  -19.03541667
-19.03  -19.02708333
-19.02  -19.01875000
-19.01  -19.01041667
-19.01  -19.00208333
-19.00  -18.99375000
-18.99  -18.98541667
-18.98  -18.97708333
-18.97  -18.96875000
-18.96  -18.96041667
-18.96  -18.95208333
-18.95  -18.94375000
-18.94  -18.93541667
-18.93  -18.92708333
-18.92  -18.91875000
-18.91  -18.91041667
-18.91  -18.90208333
-18.90  -18.89375000
-18.89  -18.88541667
-18.88  -18.87708333
-18.87  -18.86875000
-18.86  -18.86041667
-18.86  -18.85208333
-18.85  -18.84375000
-18.84  -18.83541667
-18.83  -18.82708333
-18.82  -18.81875000
-18.81  -18.81041667
-18.81  -18.80208333
-18.80  -18.79375000
-18.79  -18.78541667
-18.78  -18.77708333
-18.77  -18.76875000
-18.76  -18.76041667
-18.76  -18.75208333
-18.75  -18.74375000
-18.74  -18.73541667
-18.73  -18.72708333
-18.72  -18.71875000
-18.71  -18.71041667
-18.71  -18.70208333
-18.70  -18.69375000
-18.69  -18.68541667
-18.68  -18.67708333
-18.67  -18.66875000
-18.66  -18.66041667
-18.66  -18.65208333
-18.65  -18.64375000
-18.64  -18.63541667
-18.63  -18.62708333
-18.62  -18.61875000
-18.61  -18.61041667
-18.61  -18.60208333
-18.60  -18.59375000
-18.59  -18.58541667
-18.58  -18.57708333
-18.57  -18.56875000
-18.56  -18.56041667
-18.56  -18.55208333
-18.55  -18.54375000
-18.54  -18.53541667
-18.53  -18.52708333
-18.52  -18.51875000
-18.51  -18.51041667
-18.51  -18.50208333
-18.50  -18.49375000
-18.49  -18.48541667
-18.48  -18.47708333
-18.47  -18.46875000
-18.46  -18.46041667
-18.46  -18.45208333
-18.45  -18.44375000
-18.44  -18.43541667
-18.43  -18.42708333
-18.42  -18.41875000
-18.41  -18.41041667
-18.41  -18.40208333
-18.40  -18.39375000
-18.39  -18.38541667
-18.38  -18.37708333
-18.37  -18.36875000
-18.36  -18.36041667
-18.36  -18.35208333
-18.35  -18.34375000
-18.34  -18.33541667
-18.33  -18.32708333
-18.32  -18.31875000
-18.31  -18.31041667
-18.31  -18.30208333
-18.30  -18.29375000
-18.29  -18.28541667
-18.28  -18.27708333
-18.27  -18.26875000
-18.26  -18.26041667
-18.26  -18.25208333
-18.25  -18.24375000
-18.24  -18.23541667
-18.23  -18.22708333
-18.22  -18.21875000
-18.21  -18.21041667
-18.21  -18.20208333
-18.20  -18.19375000
-18.19  -18.18541667
-18.18  -18.17708333
-18.17  -18.16875000
-18.16  -18.16041667
-18.16  -18.15208333
-18.15  -18.14375000
-18.14  -18.13541667
-18.13  -18.12708333
-18.12  -18.11875000
-18.11  -18.11041667
-18.11  -18.10208333
-18.10  -18.09375000
-18.09  -18.08541667
-18.08  -18.07708333
-18.07  -18.06875000
-18.06  -18.06041667
-18.06  -18.05208333
-18.05  -18.04375000
-18.04  -18.03541667
-18.03  -18.02708333
-18.02  -18.01875000
-18.01  -18.01041667
-18.01  -18.00208333
-18.00  -17.99375000
-17.99  -17.98541667
-17.98  -17.97708333
-17.97  -17.96875000
-17.96  -17.96041667
-17.96  -17.95208333
-17.95  -17.94375000
-17.94  -17.93541667
-17.93  -17.92708333
-17.92  -17.91875000
-17.91  -17.91041667
-17.91  -17.90208333
-17.90  -17.89375000
-17.89  -17.88541667
-17.88  -17.87708333
-17.87  -17.86875000
-17.86  -17.86041667
-17.86  -17.85208333
-17.85  -17.84375000
-17.84  -17.83541667
-17.83  -17.82708333
-17.82  -17.81875000
-17.81  -17.81041667
-17.81  -17.80208333
-17.80  -17.79375000
-17.79  -17.78541667
-17.78  -17.77708333
-17.77  -17.76875000
-17.76  -17.76041667
-17.76  -17.75208333
-17.75  -17.74375000
-17.74  -17.73541667
-17.73  -17.72708333
-17.72  -17.71875000
-17.71  -17.71041667
-17.71  -17.70208333
-17.70  -17.69375000
-17.69  -17.68541667
-17.68  -17.67708333
-17.67  -17.66875000
-17.66  -17.66041667
-17.66  -17.65208333
-17.65  -17.64375000
-17.64  -17.63541667
-17.63  -17.62708333
-17.62  -17.61875000
-17.61  -17.61041667
-17.61  -17.60208333
-17.60  -17.59375000
-17.59  -17.58541667
-17.58  -17.57708333
-17.57  -17.56875000
-17.56  -17.56041667
-17.56  -17.55208333
-17.55  -17.54375000
-17.54  -17.53541667
-17.53  -17.52708333
-17.52  -17.51875000
-17.51  -17.51041667
-17.51  -17.50208333
-17.50  -17.49375000
-17.49  -17.48541667
-17.48  -17.47708333
-17.47  -17.46875000
-17.46  -17.46041667
-17.46  -17.45208333
-17.45  -17.44375000
-17.44  -17.43541667
-17.43  -17.42708333
-17.42  -17.41875000
-17.41  -17.41041667
-17.41  -17.40208333
-17.40  -17.39375000
-17.39  -17.38541667
-17.38  -17.37708333
-17.37  -17.36875000
-17.36  -17.36041667
-17.36  -17.35208333
-17.35  -17.34375000
-17.34  -17.33541667
-17.33  -17.32708333
-17.32  -17.31875000
-17.31  -17.31041667
-17.31  -17.30208333
-17.30  -17.29375000
-17.29  -17.28541667
-17.28  -17.27708333
-17.27  -17.26875000
-17.26  -17.26041667
-17.26  -17.25208333
-17.25  -17.24375000
-17.24  -17.23541667
-17.23  -17.22708333
-17.22  -17.21875000
-17.21  -17.21041667
-17.21  -17.20208333
-17.20  -17.19375000
-17.19  -17.18541667
-17.18  -17.17708333
-17.17  -17.16875000
-17.16  -17.16041667
-17.16  -17.15208333
-17.15  -17.14375000
-17.14  -17.13541667
-17.13  -17.12708333
-17.12  -17.11875000
-17.11  -17.11041667
-17.11  -17.10208333
-17.10  -17.09375000
-17.09  -17.08541667
-17.08  -17.07708333
-17.07  -17.06875000
-17.06  -17.06041667
-17.06  -17.05208333
-17.05  -17.04375000
-17.04  -17.03541667
-17.03  -17.02708333
-17.02  -17.01875000
-17.01  -17.01041667
-17.01  -17.00208333
-17.00  -16.99375000
-16.99  -16.98541667
-16.98  -16.97708333
-16.97  -16.96875000
-16.96  -16.96041667
-16.96  -16.95208333
-16.95  -16.94375000
-16.94  -16.93541667
-16.93  -16.92708333
-16.92  -16.91875000
-16.91  -16.91041667
-16.91  -16.90208333
-16.90  -16.89375000
-16.89  -16.88541667
-16.88  -16.87708333
-16.87  -16.86875000
-16.86  -16.86041667
-16.86  -16.85208333
-16.85  -16.84375000
-16.84  -16.83541667
-16.83  -16.82708333
-16.82  -16.81875000
-16.81  -16.81041667
-16.81  -16.80208333
-16.80  -16.79375000
-16.79  -16.78541667
-16.78  -16.77708333
-16.77  -16.76875000
-16.76  -16.76041667
-16.76  -16.75208333
-16.75  -16.74375000
-16.74  -16.73541667
-16.73  -16.72708333
-16.72  -16.71875000
-16.71  -16.71041667
-16.71  -16.70208333
-16.70  -16.69375000
-16.69  -16.68541667
-16.68  -16.67708333
-16.67  -16.66875000
-16.66  -16.66041667
-16.66  -16.65208333
-16.65  -16.64375000
-16.64  -16.63541667
-16.63  -16.62708333
-16.62  -16.61875000
-16.61  -16.61041667
-16.61  -16.60208333
-16.60  -16.59375000
-16.59  -16.58541667
-16.58  -16.57708333
-16.57  -16.56875000
-16.56  -16.56041667
-16.56  -16.55208333
-16.55  -16.54375000
-16.54  -16.53541667
-16.53  -16.52708333
-16.52  -16.51875000
-16.51  -16.51041667
-16.51  -16.50208333
-16.50  -16.49375000
-16.49  -16.48541667
-16.48  -16.47708333
-16.47  -16.46875000
-16.46  -16.46041667
-16.46  -16.45208333
-16.45  -16.44375000
-16.44  -16.43541667
-16.43  -16.42708333
-16.42  -16.41875000
-16.41  -16.41041667
-16.41  -16.40208333
-16.40  -16.39375000
-16.39  -16.38541667
-16.38  -16.37708333
-16.37  -16.36875000
-16.36  -16.36041667
-16.36  -16.35208333
-16.35  -16.34375000
-16.34  -16.33541667
-16.33  -16.32708333
-16.32  -16.31875000
-16.31  -16.31041667
-16.31  -16.30208333
-16.30  -16.29375000
-16.29  -16.28541667
-16.28  -16.27708333
-16.27  -16.26875000
-16.26  -16.26041667
-16.26  -16.25208333
-16.25  -16.24375000
-16.24  -16.23541667
-16.23  -16.22708333
-16.22  -16.21875000
-16.21  -16.21041667
-16.21  -16.20208333
-16.20  -16.19375000
-16.19  -16.18541667
-16.18  -16.17708333
-16.17  -16.16875000
-16.16  -16.16041667
-16.16  -16.15208333
-16.15  -16.14375000
-16.14  -16.13541667
-16.13  -16.12708333
-16.12  -16.11875000
-16.11  -16.11041667
-16.11  -16.10208333
-16.10  -16.09375000
-16.09  -16.08541667
-16.08  -16.07708333
-16.07  -16.06875000
-16.06  -16.06041667
-16.06  -16.05208333
-16.05  -16.04375000
-16.04  -16.03541667
-16.03  -16.02708333
-16.02  -16.01875000
-16.01  -16.01041667
-16.01  -16.00208333
-16.00  -15.99375000
-15.99  -15.98541667
-15.98  -15.97708333
-15.97  -15.96875000
-15.96  -15.96041667
-15.96  -15.95208333
-15.95  -15.94375000
-15.94  -15.93541667
-15.93  -15.92708333
-15.92  -15.91875000
-15.91  -15.91041667
-15.91  -15.90208333
-15.90  -15.89375000
-15.89  -15.88541667
-15.88  -15.87708333
-15.87  -15.86875000
-15.86  -15.86041667
-15.86  -15.85208333
-15.85  -15.84375000
-15.84  -15.83541667
-15.83  -15.82708333
-15.82  -15.81875000
-15.81  -15.81041667
-15.81  -15.80208333
-15.80  -15.79375000
-15.79  -15.78541667
-15.78  -15.77708333
-15.77  -15.76875000
-15.76  -15.76041667
-15.76  -15.75208333
-15.75  -15.74375000
-15.74  -15.73541667
-15.73  -15.72708333
-15.72  -15.71875000
-15.71  -15.71041667
-15.71  -15.70208333
-15.70  -15.69375000
-15.69  -15.68541667
-15.68  -15.67708333
-15.67  -15.66875000
-15.66  -15.66041667
-15.66  -15.65208333
-15.65  -15.64375000
-15.64  -15.63541667
-15.63  -15.62708333
-15.62  -15.61875000
-15.61  -15.61041667
-15.61  -15.60208333
-15.60  -15.59375000
-15.59  -15.58541667
-15.58  -15.57708333
-15.57  -15.56875000
-15.56  -15.56041667
-15.56  -15.55208333
-15.55  -15.54375000
-15.54  -15.53541667
-15.53  -15.52708333
-15.52  -15.51875000
-15.51  -15.51041667
-15.51  -15.50208333
-15.50  -15.49375000
-15.49  -15.48541667
-15.48  -15.47708333
-15.47  -15.46875000
-15.46  -15.46041667
-15.46  -15.45208333
-15.45  -15.44375000
-15.44  -15.43541667
-15.43  -15.42708333
-15.42  -15.41875000
-15.41  -15.41041667
-15.41  -15.40208333
-15.40  -15.39375000
-15.39  -15.38541667
-15.38  -15.37708333
-15.37  -15.36875000
-15.36  -15.36041667
-15.36  -15.35208333
-15.35  -15.34375000
-15.34  -15.33541667
-15.33  -15.32708333
-15.32  -15.31875000
-15.31  -15.31041667
-15.31  -15.30208333
-15.30  -15.29375000
-15.29  -15.28541667
-15.28  -15.27708333
-15.27  -15.26875000
-15.26  -15.26041667
-15.26  -15.25208333
-15.25  -15.24375000
-15.24  -15.23541667
-15.23  -15.22708333
-15.22  -15.21875000
-15.21  -15.21041667
-15.21  -15.20208333
-15.20  -15.19375000
-15.19  -15.18541667
-15.18  -15.17708333
-15.17  -15.16875000
-15.16  -15.16041667
-15.16  -15.15208333
-15.15  -15.14375000
-15.14  -15.13541667
-15.13  -15.12708333
-15.12  -15.11875000
-15.11  -15.11041667
-15.11  -15.10208333
-15.10  -15.09375000
-15.09  -15.08541667
-15.08  -15.07708333
-15.07  -15.06875000
-15.06  -15.06041667
-15.06  -15.05208333
-15.05  -15.04375000
-15.04  -15.03541667
-15.03  -15.02708333
-15.02  -15.01875000
-15.01  -15.01041667
-15.01  -15.00208333
-15.00  -14.99375000
-14.99  -14.98541667
-14.98  -14.97708333
-14.97  -14.96875000
-14.96  -14.96041667
-14.96  -14.95208333
-14.95  -14.94375000
-14.94  -14.93541667
-14.93  -14.92708333
-14.92  -14.91875000
-14.91  -14.91041667
-14.91  -14.90208333
-14.90  -14.89375000
-14.89  -14.88541667
-14.88  -14.87708333
-14.87  -14.86875000
-14.86  -14.86041667
-14.86  -14.85208333
-14.85  -14.84375000
-14.84  -14.83541667
-14.83  -14.82708333
-14.82  -14.81875000
-14.81  -14.81041667
-14.81  -14.80208333
-14.80  -14.79375000
-14.79  -14.78541667
-14.78  -14.77708333
-14.77  -14.76875000
-14.76  -14.76041667
-14.76  -14.75208333
-14.75  -14.74375000
-14.74  -14.73541667
-14.73  -14.72708333
-14.72  -14.71875000
-14.71  -14.71041667
-14.71  -14.70208333
-14.70  -14.69375000
-14.69  -14.68541667
-14.68  -14.67708333
-14.67  -14.66875000
-14.66  -14.66041667
-14.66  -14.65208333
-14.65  -14.64375000
-14.64  -14.63541667
-14.63  -14.62708333
-14.62  -14.61875000
-14.61  -14.61041667
-14.61  -14.60208333
-14.60  -14.59375000
-14.59  -14.58541667
-14.58  -14.57708333
-14.57  -14.56875000
-14.56  -14.56041667
-14.56  -14.55208333
-14.55  -14.54375000
-14.54  -14.53541667
-14.53  -14.52708333
-14.52  -14.51875000
-14.51  -14.51041667
-14.51  -14.50208333
