5.467966234245408685e+01
5.467550485740966337e+01
5.467134736853304844e+01
5.466718987582409284e+01
5.466303237928260472e+01
5.465887487890834961e+01
5.465471737470113567e+01
5.465055986666077814e+01
5.464640235478707098e+01
5.464224483907982943e+01
5.463808731953883324e+01
5.463392979616389766e+01
5.462977226895482374e+01
5.462561473791141253e+01
5.462145720303344376e+01
5.461729966432076111e+01
5.461314212177314431e+01
5.460898457539038731e+01
5.460482702517231957e+01
5.460066947111871372e+01
5.459651191322939212e+01
5.459235435150414162e+01
5.458819678594279168e+01
5.458403921654512203e+01
5.457988164331094083e+01
5.457572406624002781e+01
5.457156648533223375e+01
5.456740890058733129e+01
5.456325131200514278e+01
5.455909371958543375e+01
5.455493612332803366e+01
5.455077852323276488e+01
5.454662091929938583e+01
5.454246331152775440e+01
5.453830569991763610e+01
5.453414808446883910e+01
5.452999046518115733e+01
5.452583284205442737e+01
5.452167521508843606e+01
5.451751758428297734e+01
5.451335994963785936e+01
5.450920231115290449e+01
5.450504466882788535e+01
5.450088702266264562e+01
5.449672937265695083e+01
5.449257171881063755e+01
5.448841406112349972e+01
5.448425639959531708e+01
5.448009873422593330e+01
5.447594106501513522e+01
5.447178339196273100e+01
5.446762571506851458e+01
5.446346803433230832e+01
5.445931034975389906e+01
5.445515266133310917e+01
5.445099496906973258e+01
5.444683727296358455e+01
5.444267957301445904e+01
5.443852186922217840e+01
5.443436416158651525e+01
5.443020645010731329e+01
5.442604873478437355e+01
5.442189101561746867e+01
5.441773329260644232e+01
5.441357556575108134e+01
5.440941783505119389e+01
5.440526010050658101e+01
5.440110236211706507e+01
5.439694461988244711e+01
5.439278687380253530e+01
5.438862912387710935e+01
5.438447137010602006e+01
5.438031361248904005e+01
5.437615585102599169e+01
5.437199808571667603e+01
5.436784031656090121e+01
5.436368254355847540e+01
5.435952476670919964e+01
5.435536698601288919e+01
5.435120920146935930e+01
5.434705141307841103e+01
5.434289362083982411e+01
5.433873582475344222e+01
5.433457802481906640e+01
5.433042022103650481e+01
5.432626241340553719e+01
5.432210460192600721e+01
5.431794678659770170e+01
5.431378896742045015e+01
5.430963114439401807e+01
5.430547331751826334e+01
5.430131548679297993e+01
5.429715765221794754e+01
5.429299981379300988e+01
5.428884197151796087e+01
5.428468412539260868e+01
5.428052627541674724e+01
5.427636842159022734e+01
5.427221056391281451e+01
5.426805270238434531e+01
5.426389483700459948e+01
5.425973696777341360e+01
5.425557909469060291e+01
5.425142121775594717e+01
5.424726333696926162e+01
5.424310545233038283e+01
5.423894756383909055e+01
5.423478967149519292e+01
5.423063177529854073e+01
5.422647387524890661e+01
5.422231597134611292e+01
5.421815806358993228e+01
5.421400015198023681e+01
5.420984223651679912e+01
5.420568431719944158e+01
5.420152639402797234e+01
5.419736846700218535e+01
5.419321053612191719e+01
5.418905260138697599e+01
5.418489466279713440e+01
5.418073672035225741e+01
5.417657877405212474e+01
5.417242082389652325e+01
5.416826286988531791e+01
5.416410491201830268e+01
5.415994695029527151e+01
5.415578898471603253e+01
5.415163101528042944e+01
5.414747304198822775e+01
5.414331506483927825e+01
5.413915708383336067e+01
5.413499909897033291e+01
5.413084111024996048e+01
5.412668311767207996e+01
5.412252512123646397e+01
5.411836712094298463e+01
5.411420911679141454e+01
5.411005110878156898e+01
5.410589309691327742e+01
5.410173508118634800e+01
5.409757706160056046e+01
5.409341903815575847e+01
5.408926101085176441e+01
5.408510297968836511e+01
5.408094494466539004e+01
5.407678690578261893e+01
5.407262886303990967e+01
5.406847081643705621e+01
5.406431276597387381e+01
5.406015471165016351e+01
5.405599665346574767e+01
5.405183859142044156e+01
5.404768052551403912e+01
5.404352245574637692e+01
5.403936438211727022e+01
5.403520630462652719e+01
5.403104822327393464e+01
5.402689013805933627e+01
5.402273204898256154e+01
5.401857395604338308e+01
5.401441585924162325e+01
5.401025775857711864e+01
5.400609965404967028e+01
5.400194154565908633e+01
5.399778343340518205e+01
5.399362531728778691e+01
5.398946719730669486e+01
5.398530907346172114e+01
5.398115094575270234e+01
5.397699281417943951e+01
5.397283467874174789e+01
5.396867653943943566e+01
5.396451839627232516e+01
5.396036024924023877e+01
5.395620209834297043e+01
5.395204394358033539e+01
5.394788578495217735e+01
5.394372762245829023e+01
5.393956945609850351e+01
5.393541128587259692e+01
5.393125311178042836e+01
5.392709493382180597e+01
5.392293675199650949e+01
5.391877856630440391e+01
5.391462037674527608e+01
5.391046218331894124e+01
5.390630398602521467e+01
5.390214578486393293e+01
5.389798757983488997e+01
5.389382937093792236e+01
5.388967115817282405e+01
5.388551294153941740e+01
5.388135472103753898e+01
5.387719649666698274e+01
5.387303826842756393e+01
5.386888003631911914e+01
5.386472180034144941e+01
5.386056356049435578e+01
5.385640531677769616e+01
5.385224706919126447e+01
5.384808881773488309e+01
5.384393056240834596e+01
5.383977230321150387e+01
5.383561404014415785e+01
5.383145577320613029e+01
5.382729750239722222e+01
5.382313922771728443e+01
5.381898094916610376e+01
5.381482266674350967e+01
5.381066438044930322e+01
5.380650609028334230e+01
5.380234779624540664e+01
5.379818949833533281e+01
5.379403119655292898e+01
5.378987289089801749e+01
5.378571458137044203e+01
5.378155626796996813e+01
5.377739795069645368e+01
5.377323962954970682e+01
5.376908130452954993e+01
5.376492297563577694e+01
5.376076464286824574e+01
5.375660630622675740e+01
5.375244796571112715e+01
5.374828962132116317e+01
5.374413127305670912e+01
5.373997292091756606e+01
5.373581456490356345e+01
5.373165620501452366e+01
5.372749784125026196e+01
5.372333947361059359e+01
5.371918110209531250e+01
5.371502272670429079e+01
5.371086434743732951e+01
5.370670596429423682e+01
5.370254757727482087e+01
5.369838918637893954e+01
5.369423079160638679e+01
5.369007239295698497e+01
5.368591399043054224e+01
5.368175558402692360e+01
5.367759717374591588e+01
5.367343875958731303e+01
5.366928034155098715e+01
5.366512191963673928e+01
5.366096349384438469e+01
5.365680506417374573e+01
5.365264663062465189e+01
5.364848819319691131e+01
5.364432975189035346e+01
5.364017130670479361e+01
5.363601285764006832e+01
5.363185440469597154e+01
5.362769594787235405e+01
5.362353748716900270e+01
5.361937902258577537e+01
5.361522055412247312e+01
5.361106208177892540e+01
5.360690360555495459e+01
5.360274512545037595e+01
5.359858664146501184e+01
5.359442815359867041e+01
5.359026966185121665e+01
5.358611116622243031e+01
5.358195266671216928e+01
5.357779416332021327e+01
5.357363565604641309e+01
5.356947714489058399e+01
5.356531862985255543e+01
5.356116011093214269e+01
5.355700158812917522e+01
5.355284306144346829e+01
5.354868453087483005e+01
5.354452599642311839e+01
5.354036745808814146e+01
5.353620891586971453e+01
5.353205036976765996e+01
5.352789181978181432e+01
5.352373326591199998e+01
5.351957470815801798e+01
5.351541614651971912e+01
5.351125758099691154e+01
5.350709901158943183e+01
5.350294043829708812e+01
5.349878186111969569e+01
5.349462328005711953e+01
5.349046469510914648e+01
5.348630610627560600e+01
5.348214751355633467e+01
5.347798891695115486e+01
5.347383031645988183e+01
5.346967171208235214e+01
5.346551310381836686e+01
5.346135449166779097e+01
5.345719587563041841e+01
5.345303725570605025e+01
5.344887863189457988e+01
5.344472000419577995e+01
5.344056137260947992e+01
5.343640273713551636e+01
5.343224409777371875e+01
5.342808545452390945e+01
5.342392680738589661e+01
5.341976815635953812e+01
5.341560950144462794e+01
5.341145084264100262e+01
5.340729217994848455e+01
5.340313351336691738e+01
5.339897484289611640e+01
5.339481616853589685e+01
5.339065749028608110e+01
5.338649880814651993e+01
5.338234012211703572e+01
5.337818143219743661e+01
5.337402273838754496e+01
5.336986404068721868e+01
5.336570533909625880e+01
5.336154663361448058e+01
5.335738792424175614e+01
5.335322921097787230e+01
5.334907049382267274e+01
5.334491177277596563e+01
5.334075304783760885e+01
5.333659431900741055e+01
5.333243558628517889e+01
5.332827684967077175e+01
5.332411810916402573e+01
5.331995936476473474e+01
5.331580061647274960e+01
5.331164186428785712e+01
5.330748310820993652e+01
5.330332434823881016e+01
5.329916558437427199e+01
5.329500681661617278e+01
5.329084804496434202e+01
5.328668926941859496e+01
5.328253048997876107e+01
5.327837170664469113e+01
5.327421291941618620e+01
5.327005412829308995e+01
5.326589533327521053e+01
5.326173653436241295e+01
5.325757773155449826e+01
5.325341892485130302e+01
5.324926011425263539e+01
5.324510129975836747e+01
5.324094248136830032e+01
5.323678365908224208e+01
5.323262483290007197e+01
5.322846600282158391e+01
5.322430716884662161e+01
5.322014833097500031e+01
5.321598948920655658e+01
5.321183064354113412e+01
5.320767179397854107e+01
5.320351294051862112e+01
5.319935408316119663e+01
5.319519522190609706e+01
5.319103635675315900e+01
5.318687748770219059e+01
5.318271861475306395e+01
5.317855973790557300e+01
5.317440085715955433e+01
5.317024197251485162e+01
5.316608308397128013e+01
5.316192419152869775e+01
5.315776529518688420e+01
5.315360639494571871e+01
5.314944749080501651e+01
5.314528858276459999e+01
5.314112967082429151e+01
5.313697075498395606e+01
5.313281183524340179e+01
5.312865291160245818e+01
5.312449398406095469e+01
5.312033505261872790e+01
5.311617611727562149e+01
5.311201717803145073e+01
5.310785823488604507e+01
5.310369928783925531e+01
5.309954033689089670e+01
5.309538138204079161e+01
5.309122242328879082e+01
5.308706346063473802e+01
5.308290449407844136e+01
5.307874552361972320e+01
5.307458654925844144e+01
5.307042757099441843e+01
5.306626858882749076e+01
5.306210960275747368e+01
5.305795061278422509e+01
5.305379161890756734e+01
5.304963262112730149e+01
5.304547361944332806e+01
5.304131461385542678e+01
5.303715560436344845e+01
5.303299659096720831e+01
5.302883757366657136e+01
5.302467855246133865e+01
5.302051952735136808e+01
5.301636049833647490e+01
5.301220146541650990e+01
5.300804242859130255e+01
5.300388338786066811e+01
5.299972434322443604e+01
5.299556529468247845e+01
5.299140624223461771e+01
5.298724718588066196e+01
5.298308812562046910e+01
5.297892906145386860e+01
5.297476999338067571e+01
5.297061092140074834e+01
5.296645184551390173e+01
5.296229276571999378e+01
5.295813368201885396e+01
5.295397459441028332e+01
5.294981550289416106e+01
5.294565640747030244e+01
5.294149730813853694e+01
5.293733820489869402e+01
5.293317909775063868e+01
5.292901998669417907e+01
5.292486087172914466e+01
5.292070175285540046e+01
5.291654263007276171e+01
5.291238350338107921e+01
5.290822437278014689e+01
5.290406523826985108e+01
5.289990609985000702e+01
5.289574695752045130e+01
5.289158781128099918e+01
5.288742866113152274e+01
5.288326950707183727e+01
5.287911034910177932e+01
5.287495118722117127e+01
5.287079202142988521e+01
5.286663285172773641e+01
5.286247367811455433e+01
5.285831450059018977e+01
5.285415531915447929e+01
5.284999613380724526e+01
5.284583694454832425e+01
5.284167775137756706e+01
5.283751855429481026e+01
5.283335935329987620e+01
5.282920014839260858e+01
5.282504093957286528e+01
5.282088172684045446e+01
5.281672251019521980e+01
5.281256328963699076e+01
5.280840406516562524e+01
5.280424483678095982e+01
5.280008560448280264e+01
5.279592636827104002e+01
5.279176712814547301e+01
5.278760788410595239e+01
5.278344863615229343e+01
5.277928938428436823e+01
5.277513012850198493e+01
5.277097086880502275e+01
5.276681160519326141e+01
5.276265233766658724e+01
5.275849306622482260e+01
5.275433379086781827e+01
5.275017451159537529e+01
5.274601522840736578e+01
5.274185594130363341e+01
5.273769665028397924e+01
5.273353735534828246e+01
5.272937805649637255e+01
5.272521875372807187e+01
5.272105944704323122e+01
5.271690013644168715e+01
5.271274082192328336e+01
5.270858150348785642e+01
5.270442218113522870e+01
5.270026285486527229e+01
5.269610352467780956e+01
5.269194419057268419e+01
5.268778485254971145e+01
5.268362551060877763e+01
5.267946616474969090e+01
5.267530681497228784e+01
5.267114746127642633e+01
5.266698810366194294e+01
5.266282874212867426e+01
5.265866937667644976e+01
5.265451000730512732e+01
5.265035063401455062e+01
5.264619125680454204e+01
5.264203187567493814e+01
5.263787249062560392e+01
5.263371310165637595e+01
5.262955370876707661e+01
5.262539431195754958e+01
5.262123491122765273e+01
5.261707550657722265e+01
5.261291609800608171e+01
5.260875668551410911e+01
5.260459726910110589e+01
5.260043784876694417e+01
5.259627842451143209e+01
5.259211899633444887e+01
5.258795956423581686e+01
5.258380012821537974e+01
5.257964068827295989e+01
5.257548124440844362e+01
5.257132179662163907e+01
5.256716234491240414e+01
5.256300288928056119e+01
5.255884342972596102e+01
5.255468396624848282e+01
5.255052449884789922e+01
5.254636502752411076e+01
5.254220555227693268e+01
5.253804607310621577e+01
5.253388659001180372e+01
5.252972710299353309e+01
5.252556761205126890e+01
5.252140811718481928e+01
5.251724861839403502e+01
5.251308911567879534e+01
5.250892960903891549e+01
5.250477009847422494e+01
5.250061058398457448e+01
5.249645106556983620e+01
5.249229154322982538e+01
5.248813201696438568e+01
5.248397248677338212e+01
5.247981295265664414e+01
5.247565341461402255e+01
5.247149387264533260e+01
5.246733432675045350e+01
5.246317477692922182e+01
5.245901522318148835e+01
5.245485566550705414e+01
5.245069610390582682e+01
5.244653653837760743e+01
5.244237696892226097e+01
5.243821739553960981e+01
5.243405781822953315e+01
5.242989823699184626e+01
5.242573865182638571e+01
5.242157906273303780e+01
5.241741946971161781e+01
5.241325987276197651e+01
5.240910027188396469e+01
5.240494066707741183e+01
5.240078105834219713e+01
5.239662144567813584e+01
5.239246182908505745e+01
5.238830220856285536e+01
5.238414258411135194e+01
5.237998295573039798e+01
5.237582332341980162e+01
5.237166368717947051e+01
5.236750404700921990e+01
5.236334440290888637e+01
5.235918475487832779e+01
5.235502510291739497e+01
5.235086544702593869e+01
5.234670578720378131e+01
5.234254612345079494e+01
5.233838645576681614e+01
5.233422678415168861e+01
5.233006710860524890e+01
5.232590742912736914e+01
5.232174774571789300e+01
5.231758805837664283e+01
5.231342836710348365e+01
5.230926867189825913e+01
5.230510897276083426e+01
5.230094926969101721e+01
5.229678956268870138e+01
5.229262985175370204e+01
5.228847013688587708e+01
5.228431041808505597e+01
5.228015069535111792e+01
5.227599096868390660e+01
5.227183123808325149e+01
5.226767150354900338e+01
5.226351176508103435e+01
5.225935202267915969e+01
5.225519227634324437e+01
5.225103252607313919e+01
5.224687277186868073e+01
5.224271301372974108e+01
5.223855325165612840e+01
5.223439348564772189e+01
5.223023371570437945e+01
5.222607394182593765e+01
5.222191416401222597e+01
5.221775438226312360e+01
5.221359459657846713e+01
5.220943480695809313e+01
5.220527501340186660e+01
5.220111521590963832e+01
5.219695541448125198e+01
5.219279560911656546e+01
5.218863579981539402e+01
5.218447598657763109e+01
5.218031616940312034e+01
5.217615634829168414e+01
5.217199652324320880e+01
5.216783669425748116e+01
5.216367686133443016e+01
5.215951702447387106e+01
5.215535718367565465e+01
5.215119733893961751e+01
5.214703749026563884e+01
5.214287763765354811e+01
5.213871778110320321e+01
5.213455792061441940e+01
5.213039805618711853e+01
5.212623818782110163e+01
5.212207831551623372e+01
5.211791843927236556e+01
5.211375855908934085e+01
5.210959867496702458e+01
5.210543878690524622e+01
5.210127889490387076e+01
5.209711899896277743e+01
5.209295909908176014e+01
5.208879919526071234e+01
5.208463928749947769e+01
5.208047937579790698e+01
5.207631946015585100e+01
5.207215954057312501e+01
5.206799961704964375e+01
5.206383968958523667e+01
5.205967975817974747e+01
5.205551982283303403e+01
5.205135988354494003e+01
5.204719994031533048e+01
5.204303999314402773e+01
5.203888004203092521e+01
5.203472008697585949e+01
5.203056012797868846e+01
5.202640016503926290e+01
5.202224019815741940e+01
5.201808022733303005e+01
5.201392025256593854e+01
5.200976027385597433e+01
5.200560029120304506e+01
5.200144030460698730e+01
5.199728031406763051e+01
5.199312031958483971e+01
5.198896032115847277e+01
5.198480031878838759e+01
5.198064031247439942e+01
5.197648030221641591e+01
5.197232028801427361e+01
5.196816026986781623e+01
5.196400024777690874e+01
5.195984022174140193e+01
5.195568019176113239e+01
5.195152015783599353e+01
5.194736011996576508e+01
5.194320007815039730e+01
5.193904003238969125e+01
5.193487998268351191e+01
5.193071992903171719e+01
5.192655987143415075e+01
5.192239980989067050e+01
5.191823974440112011e+01
5.191407967496538589e+01
5.190991960158330443e+01
5.190575952425474071e+01
5.190159944297953842e+01
5.189743935775756256e+01
5.189327926858865681e+01
5.188911917547268615e+01
5.188495907840947297e+01
5.188079897739892488e+01
5.187663887244088556e+01
5.187247876353520581e+01
5.186831865068172931e+01
5.186415853388032104e+01
5.185999841313083181e+01
5.185583828843309817e+01
5.185167815978702066e+01
5.184751802719245006e+01
5.184335789064921585e+01
5.183919775015719011e+01
5.183503760571623076e+01
5.183087745732618856e+01
5.182671730498691431e+01
5.182255714869825169e+01
5.181839698846010833e+01
5.181423682427229949e+01
5.181007665613470436e+01
5.180591648404716665e+01
5.180175630800954423e+01
5.179759612802169499e+01
5.179343594408346263e+01
5.178927575619474055e+01
5.178511556435536534e+01
5.178095536856519487e+01
5.177679516882409416e+01
5.177263496513191399e+01
5.176847475748850513e+01
5.176431454589374681e+01
5.176015433034744717e+01
5.175599411084952806e+01
5.175183388739982604e+01
5.174767365999819191e+01
5.174351342864449066e+01
5.173935319333857308e+01
5.173519295408030416e+01
5.173103271086950627e+01
5.172687246370610836e+01
5.172271221258992568e+01
5.171855195752083034e+01
5.171439169849867312e+01
5.171023143552331902e+01
5.170607116859461172e+01
5.170191089771242332e+01
5.169775062287660461e+01
5.169359034408703479e+01
5.168943006134356466e+01
5.168526977464605210e+01
5.168110948399434790e+01
5.167694918938833837e+01
5.167278889082784588e+01
5.166862858831272831e+01
5.166446828184288620e+01
5.166030797141817033e+01
5.165614765703843148e+01
5.165198733870352044e+01
5.164782701641330931e+01
5.164366669016765599e+01
5.163950635996642546e+01
5.163534602580944011e+01
5.163118568769662176e+01
5.162702534562780698e+01
5.162286499960284658e+01
5.161870464962160554e+01
5.161454429568394886e+01
5.161038393778973443e+01
5.160622357593880594e+01
5.160206321013107100e+01
5.159790284036635200e+01
5.159374246664452812e+01
5.158958208896545017e+01
5.158542170732900445e+01
5.158126132173502043e+01
5.157710093218336311e+01
5.157294053867388328e+01
5.156878014120648146e+01
5.156461973978101554e+01
5.156045933439732210e+01
5.155629892505528034e+01
5.155213851175474815e+01
5.154797809449558343e+01
5.154381767327762276e+01
5.153965724810078086e+01
5.153549681896491563e+01
5.153133638586985654e+01
5.152717594881547569e+01
5.152301550780165940e+01
5.151885506282824423e+01
5.151469461389508808e+01
5.151053416100205595e+01
5.150637370414904126e+01
5.150221324333588768e+01
5.149805277856246732e+01
5.149389230982862387e+01
5.148973183713423651e+01
5.148557136047917737e+01
5.148141087986326880e+01
5.147725039528641844e+01
5.147308990674848417e+01
5.146892941424930967e+01
5.146476891778878127e+01
5.146060841736675684e+01
5.145644791298308007e+01
5.145228740463764439e+01
5.144812689233027214e+01
5.144396637606087097e+01
5.143980585582930587e+01
5.143564533163542052e+01
5.143148480347908702e+01
5.142732427136016327e+01
5.142316373527852846e+01
5.141900319523400498e+01
5.141484265122651465e+01
5.141068210325590826e+01
5.140652155132203660e+01
5.140236099542477888e+01
5.139820043556397877e+01
5.139403987173952260e+01
5.138987930395126114e+01
5.138571873219905228e+01
5.138155815648280367e+01
5.137739757680234476e+01
5.137323699315754766e+01
5.136907640554829158e+01
5.136491581397442729e+01
5.136075521843582692e+01
5.135659461893232702e+01
5.135243401546384945e+01
5.134827340803023077e+01
5.134411279663134309e+01
5.133995218126705851e+01
5.133579156193722781e+01
5.133163093864172311e+01
5.132747031138040938e+01
5.132330968015313033e+01
5.131914904495981489e+01
5.131498840580029253e+01
5.131082776267443535e+01
5.130666711558210125e+01
5.130250646452316232e+01
5.129834580949749068e+01
5.129418515050492289e+01
5.129002448754539500e+01
5.128586382061872229e+01
5.128170314972476973e+01
5.127754247486343075e+01
5.127338179603457036e+01
5.126922111323803932e+01
5.126506042647371686e+01
5.126089973574143954e+01
5.125673904104113632e+01
5.125257834237265087e+01
5.124841763973582687e+01
5.124425693313057195e+01
5.124009622255670848e+01
5.123593550801414409e+01
5.123177478950270114e+01
5.122761406702230147e+01
5.122345334057280297e+01
5.121929261015406354e+01
5.121513187576594817e+01
5.121097113740833606e+01
5.120681039508108512e+01
5.120264964878407454e+01
5.119848889851713380e+01
5.119432814428020606e+01
5.119016738607312078e+01
5.118600662389573586e+01
5.118184585774795181e+01
5.117768508762961233e+01
5.117352431354059661e+01
5.116936353548075544e+01
5.116520275344999646e+01
5.116104196744817756e+01
5.115688117747515662e+01
5.115272038353081285e+01
5.114855958561501126e+01
5.114439878372763104e+01
5.114023797786853009e+01
5.113607716803755210e+01
5.113191635423463310e+01
5.112775553645961679e+01
5.112359471471236816e+01
5.111943388899274510e+01
5.111527305930064102e+01
5.111111222563592804e+01
5.110695138799842141e+01
5.110279054638807850e+01
5.109862970080472167e+01
5.109446885124823723e+01
5.109030799771848308e+01
5.108614714021534553e+01
5.108198627873868958e+01
5.107782541328838732e+01
5.107366454386428245e+01
5.106950367046628969e+01
5.106534279309427404e+01
5.106118191174810050e+01
5.105702102642764117e+01
5.105286013713276816e+01
5.104869924386335356e+01
5.104453834661923395e+01
5.104037744540035249e+01
5.103621654020653864e+01
5.103205563103767162e+01
5.102789471789363063e+01
5.102373380077428777e+01
5.101957287967949384e+01
5.101541195460916356e+01
5.101125102556309798e+01
5.100709009254124737e+01
5.100292915554346251e+01
5.099876821456960840e+01
5.099460726961955714e+01
5.099044632069318084e+01
5.098628536779037290e+01
5.098212441091095570e+01
5.097796345005486529e+01
5.097380248522194535e+01
5.096964151641206797e+01
5.096548054362511948e+01
5.096131956686097908e+01
5.095715858611949756e+01
5.095299760140056122e+01
5.094883661270401376e+01
5.094467562002979122e+01
5.094051462337773017e+01
5.093635362274771694e+01
5.093219261813961651e+01
5.092803160955331521e+01
5.092387059698868512e+01
5.091970958044554862e+01
5.091554855992387019e+01
5.091138753542348638e+01
5.090722650694426221e+01
5.090306547448608399e+01
5.089890443804882381e+01
5.089474339763234667e+01
5.089058235323655310e+01
5.088642130486126547e+01
5.088226025250642692e+01
5.087809919617188825e+01
5.087393813585750735e+01
5.086977707156319184e+01
5.086561600328879251e+01
5.086145493103418858e+01
5.085729385479924503e+01
5.085313277458386949e+01
5.084897169038792697e+01
5.084481060221128246e+01
5.084064951005382227e+01
5.083648841391541850e+01
5.083232731379595748e+01
5.082816620969529708e+01
5.082400510161330232e+01
5.081984398954990922e+01
5.081568287350493307e+01
5.081152175347830280e+01
5.080736062946985498e+01
5.080319950147948305e+01
5.079903836950705198e+01
5.079487723355244100e+01
5.079071609361555062e+01
5.078655494969625295e+01
5.078239380179440587e+01
5.077823264990990282e+01
5.077407149404261588e+01
5.076991033419242427e+01
5.076574917035920720e+01
5.076158800254282255e+01
5.075742683074317085e+01
5.075326565496013842e+01
5.074910447519360446e+01
5.074494329144341265e+01
5.074078210370947772e+01
5.073662091199166468e+01
5.073245971628981010e+01
5.072829851660386424e+01
5.072413731293368500e+01
5.071997610527913736e+01
5.071581489364011475e+01
5.071165367801648216e+01
5.070749245840812591e+01
5.070333123481490389e+01
5.069917000723670242e+01
5.069500877567344332e+01
5.069084754012497029e+01
5.068668630059116964e+01
5.068252505707191347e+01
5.067836380956708808e+01
5.067420255807658691e+01
5.067004130260023942e+01
5.066588004313798876e+01
5.066171877968968573e+01
5.065755751225522374e+01
5.065339624083446068e+01
5.064923496542728998e+01
5.064507368603359794e+01
5.064091240265325666e+01
5.063675111528611694e+01
5.063258982393212904e+01
5.062842852859112242e+01
5.062426722926299050e+01
5.062010592594762670e+01
5.061594461864489602e+01
5.061178330735467767e+01
5.060762199207682954e+01
5.060346067281130189e+01
5.059929934955793129e+01
5.059513802231659696e+01
5.059097669108719231e+01
5.058681535586960365e+01
5.058265401666368177e+01
5.057849267346934141e+01
5.057433132628643335e+01
5.057016997511488654e+01
5.056600861995453755e+01
5.056184726080530112e+01
5.055768589766705645e+01
5.055352453053965434e+01
5.054936315942300240e+01
5.054520178431695143e+01
5.054104040522143748e+01
5.053687902213632555e+01
5.053271763506148062e+01
5.052855624399678902e+01
5.052439484894215127e+01
5.052023344989743237e+01
5.051607204686251862e+01
5.051191063983726082e+01
5.050774922882161633e+01
5.050358781381542173e+01
5.049942639481856332e+01
5.049526497183094165e+01
5.049110354485242880e+01
5.048694211388288267e+01
5.048278067892219667e+01
5.047861923997029976e+01
5.047445779702704272e+01
5.047029635009230475e+01
5.046613489916597928e+01
5.046197344424795972e+01
5.045781198533811107e+01
5.045365052243632675e+01
5.044948905554245044e+01
5.044532758465645372e+01
5.044116610977815895e+01
5.043700463090746666e+01
5.043284314804426316e+01
5.042868166118842765e+01
5.042452017033985356e+01
5.042035867549838457e+01
5.041619717666397094e+01
5.041203567383646345e+01
5.040787416701575552e+01
5.040371265620172636e+01
5.039955114139426939e+01
5.039538962259325672e+01
5.039122809979858175e+01
5.038706657301010239e+01
5.038290504222776889e+01
5.037874350745142493e+01
5.037458196868095683e+01
5.037042042591625801e+01
5.036625887915721478e+01
5.036209732840369924e+01
5.035793577365559059e+01
5.035377421491280359e+01
5.034961265217523163e+01
5.034545108544273262e+01
5.034128951471522129e+01
5.033712793999255553e+01
5.033296636127463586e+01
5.032880477856134860e+01
5.032464319185253743e+01
5.032048160114818103e+01
5.031632000644809466e+01
5.031215840775220016e+01
5.030799680506036964e+01
5.030383519837249651e+01
5.029967358768845287e+01
5.029551197300811793e+01
5.029135035433142065e+01
5.028718873165823311e+01
5.028302710498843453e+01
5.027886547432191833e+01
5.027470383965855660e+01
5.027054220099825699e+01
5.026638055834090579e+01
5.026221891168635381e+01
5.025805726103454418e+01
5.025389560638534903e+01
5.024973394773864044e+01
5.024557228509433315e+01
5.024141061845228506e+01
5.023724894781240380e+01
5.023308727317454014e+01
5.022892559453865147e+01
5.022476391190458145e+01
5.022060222527223772e+01
5.021644053464149948e+01
5.021227884001226016e+01
5.020811714138439186e+01
5.020395543875780220e+01
5.019979373213235618e+01
5.019563202150798276e+01
5.019147030688456113e+01
5.018730858826196339e+01
5.018314686564009008e+01
5.017898513901882040e+01
5.017482340839806199e+01
5.017066167377766561e+01
5.016649993515759576e+01
5.016233819253766768e+01
5.015817644591781033e+01
5.015401469529791001e+01
5.014985294067786015e+01
5.014569118205753284e+01
5.014152941943684283e+01
5.013736765281561958e+01
5.013320588219384177e+01
5.012904410757136020e+01
5.012488232894806117e+01
5.012072054632385942e+01
5.011655875969861285e+01
5.011239696907222196e+01
5.010823517444455888e+01
5.010407337581556675e+01
5.009991157318511057e+01
5.009574976655307665e+01
5.009158795591937263e+01
5.008742614128386350e+01
5.008326432264644978e+01
5.007910250000705332e+01
5.007494067336549648e+01
5.007077884272175083e+01
5.006661700807566717e+01
5.006245516942715312e+01
5.005829332677608789e+01
5.005413148012237201e+01
5.004996962946589179e+01
5.004580777480651932e+01
5.004164591614419066e+01
5.003748405347877792e+01
5.003332218681018162e+01
5.002916031613828807e+01
5.002499844146299068e+01
5.002083656278416868e+01
5.001667468010172968e+01
5.001251279341553868e+01
5.000835090272555306e+01
5.000418900803161648e+01
5.000002710933364369e+01
4.999586520663151390e+01
4.999170329992512052e+01
4.998754138921437118e+01
4.998337947449911667e+01
4.997921755577931435e+01
4.997505563305482923e+01
4.997089370632555472e+01
4.996673177559138423e+01
4.996256984085221120e+01
4.995840790210792903e+01
4.995424595935844536e+01
4.995008401260361097e+01
4.994592206184336902e+01
4.994176010707761293e+01
4.993759814830622190e+01
4.993343618552908936e+01
4.992927421874610872e+01
4.992511224795718761e+01
4.992095027316217681e+01
4.991678829436103371e+01
4.991262631155363039e+01
4.990846432473985317e+01
4.990430233391961679e+01
4.990014033909279334e+01
4.989597834025928336e+01
4.989181633741898736e+01
4.988765433057177745e+01
4.988349231971759679e+01
4.987933030485632457e+01
4.987516828598784002e+01
4.987100626311205787e+01
4.986684423622885021e+01
4.986268220533813178e+01
4.985852017043978179e+01
4.985435813153372919e+01
4.985019608861983897e+01
4.984603404169802587e+01
4.984187199076819041e+01
4.983770993583021891e+01
4.983354787688399767e+01
4.982938581392944144e+01
4.982522374696640810e+01
4.982106167599486213e+01
4.981689960101465431e+01
4.981273752202569938e+01
4.980857543902789075e+01
4.980441335202112896e+01
4.980025126100529320e+01
4.979608916598026269e+01
4.979192706694600901e+01
4.978776496390237583e+01
4.978360285684927788e+01
4.977944074578660860e+01
4.977527863071426140e+01
4.977111651163212969e+01
4.976695438854012821e+01
4.976279226143812195e+01
4.975863013032606119e+01
4.975446799520381091e+01
4.975030585607127165e+01
4.974614371292835813e+01
4.974198156577495666e+01
4.973781941461096068e+01
4.973365725943624938e+01
4.972949510025076592e+01
4.972533293705439661e+01
4.972117076984703488e+01
4.971700859862858835e+01
4.971284642339892912e+01
4.970868424415799325e+01
4.970452206090565284e+01
4.970035987364178709e+01
4.969619768236635338e+01
4.969203548707922380e+01
4.968787328778030599e+01
4.968371108446947204e+01
4.967954887714665091e+01
4.967538666581172180e+01
4.967122445046457813e+01
4.966706223110517016e+01
4.966290000773336288e+01
4.965873778034904973e+01
4.965457554895213832e+01
4.965041331354254339e+01
4.964625107412015126e+01
4.964208883068486244e+01
4.963792658323654905e+01
4.963376433177517555e+01
4.962960207630061404e+01
4.962543981681275795e+01
4.962127755331150780e+01
4.961711528579677122e+01
4.961295301426845583e+01
4.960879073872641953e+01
4.960462845917062680e+01
4.960046617560095683e+01
4.959630388801729595e+01
4.959214159641955888e+01
4.958797930080765326e+01
4.958381700118146540e+01
4.957965469754089582e+01
4.957549238988583795e+01
4.957133007821623494e+01
4.956716776253197310e+01
4.956300544283293874e+01
4.955884311911902529e+01
4.955468079139016879e+01
4.955051845964624846e+01
4.954635612388715771e+01
4.954219378411283969e+01
4.953803144032315942e+01
4.953386909251803161e+01
4.952970674069737811e+01
4.952554438486107813e+01
4.952138202500902509e+01
4.951721966114115503e+01
4.951305729325731164e+01
4.950889492135748782e+01
4.950473254544152724e+01
4.950057016550934463e+01
4.949640778156084764e+01
4.949224539359595099e+01
4.948808300161452678e+01
4.948392060561646844e+01
4.947975820560175464e+01
4.947559580157022907e+01
4.947143339352180647e+01
4.946727098145640866e+01
4.946310856537390777e+01
4.945894614527423983e+01
4.945478372115729826e+01
4.945062129302295517e+01
4.944645886087117503e+01
4.944229642470182284e+01
4.943813398451482044e+01
4.943397154031006124e+01
4.942980909208746709e+01
4.942564663984691720e+01
4.942148418358831918e+01
4.941732172331159489e+01
4.941315925901665906e+01
4.940899679070340511e+01
4.940483431837173356e+01
4.940067184202154493e+01
4.939650936165276107e+01
4.939234687726527540e+01
4.938818438885896711e+01
4.938402189643380780e+01
4.937985939998965534e+01
4.937569689952643159e+01
4.937153439504405128e+01
4.936737188654240782e+01
4.936320937402138753e+01
4.935904685748091225e+01
4.935488433692091093e+01
4.935072181234127697e+01
4.934655928374191092e+01
4.934239675112272749e+01
4.933823421448362723e+01
4.933407167382451775e+01
4.932990912914529957e+01
4.932574658044586613e+01
4.932158402772616768e+01
4.931742147098609763e+01
4.931325891022554941e+01
4.930909634544443776e+01
4.930493377664266319e+01
4.930077120382014755e+01
4.929660862697674872e+01
4.929244604611245251e+01
4.928828346122713100e+01
4.928412087232068473e+01
4.927995827939303553e+01
4.927579568244406971e+01
4.927163308147372334e+01
4.926747047648187561e+01
4.926330786746843415e+01
4.925914525443334924e+01
4.925498263737650007e+01
4.925082001629780848e+01
4.924665739119716079e+01
4.924249476207447884e+01
4.923833212892967026e+01
4.923416949176262847e+01
4.923000685057328951e+01
4.922584420536157523e+01
4.922168155612735774e+01
4.921751890287055176e+01
4.921335624559109334e+01
4.920919358428886170e+01
4.920503091896377157e+01
4.920086824961572347e+01
4.919670557624466767e+01
4.919254289885049758e+01
4.918838021743310662e+01
4.918421753199241664e+01
4.918005484252832105e+01
4.917589214904075590e+01
4.917172945152957908e+01
4.916756674999478349e+01
4.916340404443623413e+01
4.915924133485383862e+01
4.915507862124751881e+01
4.915091590361716101e+01
4.914675318196270837e+01
4.914259045628406142e+01
4.913842772658108515e+01
4.913426499285377247e+01
4.913010225510199547e+01
4.912593951332565467e+01
4.912177676752467193e+01
4.911761401769897617e+01
4.911345126384843951e+01
4.910928850597296957e+01
4.910512574407253084e+01
4.910096297814701671e+01
4.909680020819632773e+01
4.909263743422037152e+01
4.908847465621906991e+01
4.908431187419232344e+01
4.908014908814006105e+01
4.907598629806214774e+01
4.907182350395856929e+01
4.906766070582919781e+01
4.906349790367394093e+01
4.905933509749274180e+01
4.905517228728545831e+01
4.905100947305206915e+01
4.904684665479241801e+01
4.904268383250647645e+01
4.903852100619413790e+01
4.903435817585530287e+01
4.903019534148990743e+01
4.902603250309784499e+01
4.902186966067903739e+01
4.901770681423339937e+01
4.901354396376081013e+01
4.900938110926123414e+01
4.900521825073457194e+01
4.900105538818073114e+01
4.899689252159962649e+01
4.899272965099115851e+01
4.898856677635526324e+01
4.898440389769181991e+01
4.898024101500077876e+01
4.897607812828205454e+01
4.897191523753554776e+01
4.896775234276117317e+01
4.896358944395883839e+01
4.895942654112847947e+01
4.895526363426998984e+01
4.895110072338326290e+01
4.894693780846827735e+01
4.894277488952490529e+01
4.893861196655306856e+01
4.893444903955268188e+01
4.893028610852366711e+01
4.892612317346594608e+01
4.892196023437937669e+01
4.891779729126394471e+01
4.891363434411955069e+01
4.890947139294610224e+01
4.890530843774349989e+01
4.890114547851168680e+01
4.889698251525056349e+01
4.889281954796003760e+01
4.888865657664000963e+01
4.888449360129044408e+01
4.888033062191124145e+01
4.887616763850230939e+01
4.887200465106356262e+01
4.886784165959491588e+01
4.886367866409629812e+01
4.885951566456758144e+01
4.885535266100874452e+01
4.885118965341968078e+01
4.884702664180031206e+01
4.884286362615053179e+01
4.883870060647029021e+01
4.883453758275947365e+01
4.883037455501802526e+01
4.882621152324581004e+01
4.882204848744282089e+01
4.881788544760892989e+01
4.881372240374407312e+01
4.880955935584815819e+01
4.880539630392109984e+01
4.880123324796282702e+01
4.879707018797321183e+01
4.879290712395224006e+01
