-2.199791666666666856e+01
-2.199375000000000568e+01
-2.198958333333334281e+01
-2.198541666666667993e+01
-2.198124999999998863e+01
-2.197708333333332575e+01
-2.197291666666666288e+01
-2.196875000000000000e+01
-2.196458333333333712e+01
-2.196041666666667425e+01
-2.195625000000001137e+01
-2.195208333333334849e+01
-2.194791666666665719e+01
-2.194374999999999432e+01
-2.193958333333333144e+01
-2.193541666666666856e+01
-2.193125000000000568e+01
-2.192708333333334281e+01
-2.192291666666667993e+01
-2.191874999999998863e+01
-2.191458333333332575e+01
-2.191041666666666288e+01
-2.190625000000000000e+01
-2.190208333333333712e+01
-2.189791666666667425e+01
-2.189375000000001137e+01
-2.188958333333334849e+01
-2.188541666666665719e+01
-2.188124999999999432e+01
-2.187708333333333144e+01
-2.187291666666666856e+01
-2.186875000000000568e+01
-2.186458333333334281e+01
-2.186041666666667993e+01
-2.185624999999998863e+01
-2.185208333333332575e+01
-2.184791666666666288e+01
-2.184375000000000000e+01
-2.183958333333333712e+01
-2.183541666666667425e+01
-2.183125000000001137e+01
-2.182708333333334849e+01
-2.182291666666665719e+01
-2.181874999999999432e+01
-2.181458333333333144e+01
-2.181041666666666856e+01
-2.180625000000000568e+01
-2.180208333333334281e+01
-2.179791666666667993e+01
-2.179374999999998863e+01
-2.178958333333332575e+01
-2.178541666666666288e+01
-2.178125000000000000e+01
-2.177708333333333712e+01
-2.177291666666667425e+01
-2.176875000000001137e+01
-2.176458333333334849e+01
-2.176041666666665719e+01
-2.175624999999999432e+01
-2.175208333333333144e+01
-2.174791666666666856e+01
-2.174375000000000568e+01
-2.173958333333334281e+01
-2.173541666666667993e+01
-2.173124999999998863e+01
-2.172708333333332575e+01
-2.172291666666666288e+01
-2.171875000000000000e+01
-2.171458333333333712e+01
-2.171041666666667425e+01
-2.170625000000001137e+01
-2.170208333333334849e+01
-2.169791666666665719e+01
-2.169374999999999432e+01
-2.168958333333333144e+01
-2.168541666666666856e+01
-2.168125000000000568e+01
-2.167708333333334281e+01
-2.167291666666667993e+01
-2.166874999999998863e+01
-2.166458333333332575e+01
-2.166041666666666288e+01
-2.165625000000000000e+01
-2.165208333333333712e+01
-2.164791666666667425e+01
-2.164375000000001137e+01
-2.163958333333334849e+01
-2.163541666666665719e+01
-2.163124999999999432e+01
-2.162708333333333144e+01
-2.162291666666666856e+01
-2.161875000000000568e+01
-2.161458333333334281e+01
-2.161041666666667993e+01
-2.160624999999998863e+01
-2.160208333333332575e+01
-2.159791666666666288e+01
-2.159375000000000000e+01
-2.158958333333333712e+01
-2.158541666666667425e+01
-2.158125000000001137e+01
-2.157708333333334849e+01
-2.157291666666665719e+01
-2.156874999999999432e+01
-2.156458333333333144e+01
-2.156041666666666856e+01
-2.155625000000000568e+01
-2.155208333333334281e+01
-2.154791666666667993e+01
-2.154374999999998863e+01
-2.153958333333332575e+01
-2.153541666666666288e+01
-2.153125000000000000e+01
-2.152708333333333712e+01
-2.152291666666667425e+01
-2.151875000000001137e+01
-2.151458333333334849e+01
-2.151041666666665719e+01
-2.150624999999999432e+01
-2.150208333333333144e+01
-2.149791666666666856e+01
-2.149375000000000568e+01
-2.148958333333334281e+01
-2.148541666666667993e+01
-2.148124999999998863e+01
-2.147708333333332575e+01
-2.147291666666666288e+01
-2.146875000000000000e+01
-2.146458333333333712e+01
-2.146041666666667425e+01
-2.145625000000001137e+01
-2.145208333333334849e+01
-2.144791666666665719e+01
-2.144374999999999432e+01
-2.143958333333333144e+01
-2.143541666666666856e+01
-2.143125000000000568e+01
-2.142708333333334281e+01
-2.142291666666667993e+01
-2.141874999999998863e+01
-2.141458333333332575e+01
-2.141041666666666288e+01
-2.140625000000000000e+01
-2.140208333333333712e+01
-2.139791666666667425e+01
-2.139375000000001137e+01
-2.138958333333334849e+01
-2.138541666666665719e+01
-2.138124999999999432e+01
-2.137708333333333144e+01
-2.137291666666666856e+01
-2.136875000000000568e+01
-2.136458333333334281e+01
-2.136041666666667993e+01
-2.135624999999998863e+01
-2.135208333333332575e+01
-2.134791666666666288e+01
-2.134375000000000000e+01
-2.133958333333333712e+01
-2.133541666666667425e+01
-2.133125000000001137e+01
-2.132708333333334849e+01
-2.132291666666665719e+01
-2.131874999999999432e+01
-2.131458333333333144e+01
-2.131041666666666856e+01
-2.130625000000000568e+01
-2.130208333333334281e+01
-2.129791666666667993e+01
-2.129374999999998863e+01
-2.128958333333332575e+01
-2.128541666666666288e+01
-2.128125000000000000e+01
-2.127708333333333712e+01
-2.127291666666667425e+01
-2.126875000000001137e+01
-2.126458333333334849e+01
-2.126041666666665719e+01
-2.125624999999999432e+01
-2.125208333333333144e+01
-2.124791666666666856e+01
-2.124375000000000568e+01
-2.123958333333334281e+01
-2.123541666666667993e+01
-2.123124999999998863e+01
-2.122708333333332575e+01
-2.122291666666666288e+01
-2.121875000000000000e+01
-2.121458333333333712e+01
-2.121041666666667425e+01
-2.120625000000001137e+01
-2.120208333333334849e+01
-2.119791666666665719e+01
-2.119374999999999432e+01
-2.118958333333333144e+01
-2.118541666666666856e+01
-2.118125000000000568e+01
-2.117708333333334281e+01
-2.117291666666667993e+01
-2.116874999999998863e+01
-2.116458333333332575e+01
-2.116041666666666288e+01
-2.115625000000000000e+01
-2.115208333333333712e+01
-2.114791666666667425e+01
-2.114375000000001137e+01
-2.113958333333334849e+01
-2.113541666666665719e+01
-2.113124999999999432e+01
-2.112708333333333144e+01
-2.112291666666666856e+01
-2.111875000000000568e+01
-2.111458333333334281e+01
-2.111041666666667993e+01
-2.110624999999998863e+01
-2.110208333333332575e+01
-2.109791666666666288e+01
-2.109375000000000000e+01
-2.108958333333333712e+01
-2.108541666666667425e+01
-2.108125000000001137e+01
-2.107708333333334849e+01
-2.107291666666665719e+01
-2.106874999999999432e+01
-2.106458333333333144e+01
-2.106041666666666856e+01
-2.105625000000000568e+01
-2.105208333333334281e+01
-2.104791666666667993e+01
-2.104374999999998863e+01
-2.103958333333332575e+01
-2.103541666666666288e+01
-2.103125000000000000e+01
-2.102708333333333712e+01
-2.102291666666667425e+01
-2.101875000000001137e+01
-2.101458333333334849e+01
-2.101041666666665719e+01
-2.100624999999999432e+01
-2.100208333333333144e+01
-2.099791666666666856e+01
-2.099375000000000568e+01
-2.098958333333334281e+01
-2.098541666666667993e+01
-2.098124999999998863e+01
-2.097708333333332575e+01
-2.097291666666666288e+01
-2.096875000000000000e+01
-2.096458333333333712e+01
-2.096041666666667425e+01
-2.095625000000001137e+01
-2.095208333333334849e+01
-2.094791666666665719e+01
-2.094374999999999432e+01
-2.093958333333333144e+01
-2.093541666666666856e+01
-2.093125000000000568e+01
-2.092708333333334281e+01
-2.092291666666667993e+01
-2.091874999999998863e+01
-2.091458333333332575e+01
-2.091041666666666288e+01
-2.090625000000000000e+01
-2.090208333333333712e+01
-2.089791666666667425e+01
-2.089375000000001137e+01
-2.088958333333334849e+01
-2.088541666666665719e+01
-2.088124999999999432e+01
-2.087708333333333144e+01
-2.087291666666666856e+01
-2.086875000000000568e+01
-2.086458333333334281e+01
-2.086041666666667993e+01
-2.085624999999998863e+01
-2.085208333333332575e+01
-2.084791666666666288e+01
-2.084375000000000000e+01
-2.083958333333333712e+01
-2.083541666666667425e+01
-2.083125000000001137e+01
-2.082708333333334849e+01
-2.082291666666665719e+01
-2.081874999999999432e+01
-2.081458333333333144e+01
-2.081041666666666856e+01
-2.080625000000000568e+01
-2.080208333333334281e+01
-2.079791666666667993e+01
-2.079374999999998863e+01
-2.078958333333332575e+01
-2.078541666666666288e+01
-2.078125000000000000e+01
-2.077708333333333712e+01
-2.077291666666667425e+01
-2.076875000000001137e+01
-2.076458333333334849e+01
-2.076041666666665719e+01
-2.075624999999999432e+01
-2.075208333333333144e+01
-2.074791666666666856e+01
-2.074375000000000568e+01
-2.073958333333334281e+01
-2.073541666666667993e+01
-2.073124999999998863e+01
-2.072708333333332575e+01
-2.072291666666666288e+01
-2.071875000000000000e+01
-2.071458333333333712e+01
-2.071041666666667425e+01
-2.070625000000001137e+01
-2.070208333333334849e+01
-2.069791666666665719e+01
-2.069374999999999432e+01
-2.068958333333333144e+01
-2.068541666666666856e+01
-2.068125000000000568e+01
-2.067708333333334281e+01
-2.067291666666667993e+01
-2.066874999999998863e+01
-2.066458333333332575e+01
-2.066041666666666288e+01
-2.065625000000000000e+01
-2.065208333333333712e+01
-2.064791666666667425e+01
-2.064375000000001137e+01
-2.063958333333334849e+01
-2.063541666666665719e+01
-2.063124999999999432e+01
-2.062708333333333144e+01
-2.062291666666666856e+01
-2.061875000000000568e+01
-2.061458333333334281e+01
-2.061041666666667993e+01
-2.060624999999998863e+01
-2.060208333333332575e+01
-2.059791666666666288e+01
-2.059375000000000000e+01
-2.058958333333333712e+01
-2.058541666666667425e+01
-2.058125000000001137e+01
-2.057708333333334849e+01
-2.057291666666665719e+01
-2.056874999999999432e+01
-2.056458333333333144e+01
-2.056041666666666856e+01
-2.055625000000000568e+01
-2.055208333333334281e+01
-2.054791666666667993e+01
-2.054374999999998863e+01
-2.053958333333332575e+01
-2.053541666666666288e+01
-2.053125000000000000e+01
-2.052708333333333712e+01
-2.052291666666667425e+01
-2.051875000000001137e+01
-2.051458333333334849e+01
-2.051041666666665719e+01
-2.050624999999999432e+01
-2.050208333333333144e+01
-2.049791666666666856e+01
-2.049375000000000568e+01
-2.048958333333334281e+01
-2.048541666666667993e+01
-2.048124999999998863e+01
-2.047708333333332575e+01
-2.047291666666666288e+01
-2.046875000000000000e+01
-2.046458333333333712e+01
-2.046041666666667425e+01
-2.045625000000001137e+01
-2.045208333333334849e+01
-2.044791666666665719e+01
-2.044374999999999432e+01
-2.043958333333333144e+01
-2.043541666666666856e+01
-2.043125000000000568e+01
-2.042708333333334281e+01
-2.042291666666667993e+01
-2.041874999999998863e+01
-2.041458333333332575e+01
-2.041041666666666288e+01
-2.040625000000000000e+01
-2.040208333333333712e+01
-2.039791666666667425e+01
-2.039375000000001137e+01
-2.038958333333334849e+01
-2.038541666666665719e+01
-2.038124999999999432e+01
-2.037708333333333144e+01
-2.037291666666666856e+01
-2.036875000000000568e+01
-2.036458333333334281e+01
-2.036041666666667993e+01
-2.035624999999998863e+01
-2.035208333333332575e+01
-2.034791666666666288e+01
-2.034375000000000000e+01
-2.033958333333333712e+01
-2.033541666666667425e+01
-2.033125000000001137e+01
-2.032708333333334849e+01
-2.032291666666665719e+01
-2.031874999999999432e+01
-2.031458333333333144e+01
-2.031041666666666856e+01
-2.030625000000000568e+01
-2.030208333333334281e+01
-2.029791666666667993e+01
-2.029374999999998863e+01
-2.028958333333332575e+01
-2.028541666666666288e+01
-2.028125000000000000e+01
-2.027708333333333712e+01
-2.027291666666667425e+01
-2.026875000000001137e+01
-2.026458333333334849e+01
-2.026041666666665719e+01
-2.025624999999999432e+01
-2.025208333333333144e+01
-2.024791666666666856e+01
-2.024375000000000568e+01
-2.023958333333334281e+01
-2.023541666666667993e+01
-2.023124999999998863e+01
-2.022708333333332575e+01
-2.022291666666666288e+01
-2.021875000000000000e+01
-2.021458333333333712e+01
-2.021041666666667425e+01
-2.020625000000001137e+01
-2.020208333333334849e+01
-2.019791666666665719e+01
-2.019374999999999432e+01
-2.018958333333333144e+01
-2.018541666666666856e+01
-2.018125000000000568e+01
-2.017708333333334281e+01
-2.017291666666667993e+01
-2.016874999999998863e+01
-2.016458333333332575e+01
-2.016041666666666288e+01
-2.015625000000000000e+01
-2.015208333333333712e+01
-2.014791666666667425e+01
-2.014375000000001137e+01
-2.013958333333334849e+01
-2.013541666666665719e+01
-2.013124999999999432e+01
-2.012708333333333144e+01
-2.012291666666666856e+01
-2.011875000000000568e+01
-2.011458333333334281e+01
-2.011041666666667993e+01
-2.010624999999998863e+01
-2.010208333333332575e+01
-2.009791666666666288e+01
-2.009375000000000000e+01
-2.008958333333333712e+01
-2.008541666666667425e+01
-2.008125000000001137e+01
-2.007708333333334849e+01
-2.007291666666665719e+01
-2.006874999999999432e+01
-2.006458333333333144e+01
-2.006041666666666856e+01
-2.005625000000000568e+01
-2.005208333333334281e+01
-2.004791666666667993e+01
-2.004374999999998863e+01
-2.003958333333332575e+01
-2.003541666666666288e+01
-2.003125000000000000e+01
-2.002708333333333712e+01
-2.002291666666667425e+01
-2.001875000000001137e+01
-2.001458333333334849e+01
-2.001041666666665719e+01
-2.000624999999999432e+01
-2.000208333333333144e+01
-1.999791666666666856e+01
-1.999375000000000568e+01
-1.998958333333334281e+01
-1.998541666666667993e+01
-1.998124999999998863e+01
-1.997708333333332575e+01
-1.997291666666666288e+01
-1.996875000000000000e+01
-1.996458333333333712e+01
-1.996041666666667425e+01
-1.995625000000001137e+01
-1.995208333333334849e+01
-1.994791666666665719e+01
-1.994374999999999432e+01
-1.993958333333333144e+01
-1.993541666666666856e+01
-1.993125000000000568e+01
-1.992708333333334281e+01
-1.992291666666667993e+01
-1.991874999999998863e+01
-1.991458333333332575e+01
-1.991041666666666288e+01
-1.990625000000000000e+01
-1.990208333333333712e+01
-1.989791666666667425e+01
-1.989375000000001137e+01
-1.988958333333334849e+01
-1.988541666666665719e+01
-1.988124999999999432e+01
-1.987708333333333144e+01
-1.987291666666666856e+01
-1.986875000000000568e+01
-1.986458333333334281e+01
-1.986041666666667993e+01
-1.985624999999998863e+01
-1.985208333333332575e+01
-1.984791666666666288e+01
-1.984375000000000000e+01
-1.983958333333333712e+01
-1.983541666666667425e+01
-1.983125000000001137e+01
-1.982708333333334849e+01
-1.982291666666665719e+01
-1.981874999999999432e+01
-1.981458333333333144e+01
-1.981041666666666856e+01
-1.980625000000000568e+01
-1.980208333333334281e+01
-1.979791666666667993e+01
-1.979374999999998863e+01
-1.978958333333332575e+01
-1.978541666666666288e+01
-1.978125000000000000e+01
-1.977708333333333712e+01
-1.977291666666667425e+01
-1.976875000000001137e+01
-1.976458333333334849e+01
-1.976041666666665719e+01
-1.975624999999999432e+01
-1.975208333333333144e+01
-1.974791666666666856e+01
-1.974375000000000568e+01
-1.973958333333334281e+01
-1.973541666666667993e+01
-1.973124999999998863e+01
-1.972708333333332575e+01
-1.972291666666666288e+01
-1.971875000000000000e+01
-1.971458333333333712e+01
-1.971041666666667425e+01
-1.970625000000001137e+01
-1.970208333333334849e+01
-1.969791666666665719e+01
-1.969374999999999432e+01
-1.968958333333333144e+01
-1.968541666666666856e+01
-1.968125000000000568e+01
-1.967708333333334281e+01
-1.967291666666667993e+01
-1.966874999999998863e+01
-1.966458333333332575e+01
-1.966041666666666288e+01
-1.965625000000000000e+01
-1.965208333333333712e+01
-1.964791666666667425e+01
-1.964375000000001137e+01
-1.963958333333334849e+01
-1.963541666666665719e+01
-1.963124999999999432e+01
-1.962708333333333144e+01
-1.962291666666666856e+01
-1.961875000000000568e+01
-1.961458333333334281e+01
-1.961041666666667993e+01
-1.960624999999998863e+01
-1.960208333333332575e+01
-1.959791666666666288e+01
-1.959375000000000000e+01
-1.958958333333333712e+01
-1.958541666666667425e+01
-1.958125000000001137e+01
-1.957708333333334849e+01
-1.957291666666665719e+01
-1.956874999999999432e+01
-1.956458333333333144e+01
-1.956041666666666856e+01
-1.955625000000000568e+01
-1.955208333333334281e+01
-1.954791666666667993e+01
-1.954374999999998863e+01
-1.953958333333332575e+01
-1.953541666666666288e+01
-1.953125000000000000e+01
-1.952708333333333712e+01
-1.952291666666667425e+01
-1.951875000000001137e+01
-1.951458333333334849e+01
-1.951041666666665719e+01
-1.950624999999999432e+01
-1.950208333333333144e+01
-1.949791666666666856e+01
-1.949375000000000568e+01
-1.948958333333334281e+01
-1.948541666666667993e+01
-1.948124999999998863e+01
-1.947708333333332575e+01
-1.947291666666666288e+01
-1.946875000000000000e+01
-1.946458333333333712e+01
-1.946041666666667425e+01
-1.945625000000001137e+01
-1.945208333333334849e+01
-1.944791666666665719e+01
-1.944374999999999432e+01
-1.943958333333333144e+01
-1.943541666666666856e+01
-1.943125000000000568e+01
-1.942708333333334281e+01
-1.942291666666667993e+01
-1.941874999999998863e+01
-1.941458333333332575e+01
-1.941041666666666288e+01
-1.940625000000000000e+01
-1.940208333333333712e+01
-1.939791666666667425e+01
-1.939375000000001137e+01
-1.938958333333334849e+01
-1.938541666666665719e+01
-1.938124999999999432e+01
-1.937708333333333144e+01
-1.937291666666666856e+01
-1.936875000000000568e+01
-1.936458333333334281e+01
-1.936041666666667993e+01
-1.935624999999998863e+01
-1.935208333333332575e+01
-1.934791666666666288e+01
-1.934375000000000000e+01
-1.933958333333333712e+01
-1.933541666666667425e+01
-1.933125000000001137e+01
-1.932708333333334849e+01
-1.932291666666665719e+01
-1.931874999999999432e+01
-1.931458333333333144e+01
-1.931041666666666856e+01
-1.930625000000000568e+01
-1.930208333333334281e+01
-1.929791666666667993e+01
-1.929374999999998863e+01
-1.928958333333332575e+01
-1.928541666666666288e+01
-1.928125000000000000e+01
-1.927708333333333712e+01
-1.927291666666667425e+01
-1.926875000000001137e+01
-1.926458333333334849e+01
-1.926041666666665719e+01
-1.925624999999999432e+01
-1.925208333333333144e+01
-1.924791666666666856e+01
-1.924375000000000568e+01
-1.923958333333334281e+01
-1.923541666666667993e+01
-1.923124999999998863e+01
-1.922708333333332575e+01
-1.922291666666666288e+01
-1.921875000000000000e+01
-1.921458333333333712e+01
-1.921041666666667425e+01
-1.920625000000001137e+01
-1.920208333333334849e+01
-1.919791666666665719e+01
-1.919374999999999432e+01
-1.918958333333333144e+01
-1.918541666666666856e+01
-1.918125000000000568e+01
-1.917708333333334281e+01
-1.917291666666667993e+01
-1.916874999999998863e+01
-1.916458333333332575e+01
-1.916041666666666288e+01
-1.915625000000000000e+01
-1.915208333333333712e+01
-1.914791666666667425e+01
-1.914375000000001137e+01
-1.913958333333334849e+01
-1.913541666666665719e+01
-1.913124999999999432e+01
-1.912708333333333144e+01
-1.912291666666666856e+01
-1.911875000000000568e+01
-1.911458333333334281e+01
-1.911041666666667993e+01
-1.910624999999998863e+01
-1.910208333333332575e+01
-1.909791666666666288e+01
-1.909375000000000000e+01
-1.908958333333333712e+01
-1.908541666666667425e+01
-1.908125000000001137e+01
-1.907708333333334849e+01
-1.907291666666665719e+01
-1.906874999999999432e+01
-1.906458333333333144e+01
-1.906041666666666856e+01
-1.905625000000000568e+01
-1.905208333333334281e+01
-1.904791666666667993e+01
-1.904374999999998863e+01
-1.903958333333332575e+01
-1.903541666666666288e+01
-1.903125000000000000e+01
-1.902708333333333712e+01
-1.902291666666667425e+01
-1.901875000000001137e+01
-1.901458333333334849e+01
-1.901041666666665719e+01
-1.900624999999999432e+01
-1.900208333333333144e+01
-1.899791666666666856e+01
-1.899375000000000568e+01
-1.898958333333334281e+01
-1.898541666666667993e+01
-1.898124999999998863e+01
-1.897708333333332575e+01
-1.897291666666666288e+01
-1.896875000000000000e+01
-1.896458333333333712e+01
-1.896041666666667425e+01
-1.895625000000001137e+01
-1.895208333333334849e+01
-1.894791666666665719e+01
-1.894374999999999432e+01
-1.893958333333333144e+01
-1.893541666666666856e+01
-1.893125000000000568e+01
-1.892708333333334281e+01
-1.892291666666667993e+01
-1.891874999999998863e+01
-1.891458333333332575e+01
-1.891041666666666288e+01
-1.890625000000000000e+01
-1.890208333333333712e+01
-1.889791666666667425e+01
-1.889375000000001137e+01
-1.888958333333334849e+01
-1.888541666666665719e+01
-1.888124999999999432e+01
-1.887708333333333144e+01
-1.887291666666666856e+01
-1.886875000000000568e+01
-1.886458333333334281e+01
-1.886041666666667993e+01
-1.885624999999998863e+01
-1.885208333333332575e+01
-1.884791666666666288e+01
-1.884375000000000000e+01
-1.883958333333333712e+01
-1.883541666666667425e+01
-1.883125000000001137e+01
-1.882708333333334849e+01
-1.882291666666665719e+01
-1.881874999999999432e+01
-1.881458333333333144e+01
-1.881041666666666856e+01
-1.880625000000000568e+01
-1.880208333333334281e+01
-1.879791666666667993e+01
-1.879374999999998863e+01
-1.878958333333332575e+01
-1.878541666666666288e+01
-1.878125000000000000e+01
-1.877708333333333712e+01
-1.877291666666667425e+01
-1.876875000000001137e+01
-1.876458333333334849e+01
-1.876041666666665719e+01
-1.875624999999999432e+01
-1.875208333333333144e+01
-1.874791666666666856e+01
-1.874375000000000568e+01
-1.873958333333334281e+01
-1.873541666666667993e+01
-1.873124999999998863e+01
-1.872708333333332575e+01
-1.872291666666666288e+01
-1.871875000000000000e+01
-1.871458333333333712e+01
-1.871041666666667425e+01
-1.870625000000001137e+01
-1.870208333333334849e+01
-1.869791666666665719e+01
-1.869374999999999432e+01
-1.868958333333333144e+01
-1.868541666666666856e+01
-1.868125000000000568e+01
-1.867708333333334281e+01
-1.867291666666667993e+01
-1.866874999999998863e+01
-1.866458333333332575e+01
-1.866041666666666288e+01
-1.865625000000000000e+01
-1.865208333333333712e+01
-1.864791666666667425e+01
-1.864375000000001137e+01
-1.863958333333334849e+01
-1.863541666666665719e+01
-1.863124999999999432e+01
-1.862708333333333144e+01
-1.862291666666666856e+01
-1.861875000000000568e+01
-1.861458333333334281e+01
-1.861041666666667993e+01
-1.860624999999998863e+01
-1.860208333333332575e+01
-1.859791666666666288e+01
-1.859375000000000000e+01
-1.858958333333333712e+01
-1.858541666666667425e+01
-1.858125000000001137e+01
-1.857708333333334849e+01
-1.857291666666665719e+01
-1.856874999999999432e+01
-1.856458333333333144e+01
-1.856041666666666856e+01
-1.855625000000000568e+01
-1.855208333333334281e+01
-1.854791666666667993e+01
-1.854374999999998863e+01
-1.853958333333332575e+01
-1.853541666666666288e+01
-1.853125000000000000e+01
-1.852708333333333712e+01
-1.852291666666667425e+01
-1.851875000000001137e+01
-1.851458333333334849e+01
-1.851041666666665719e+01
-1.850624999999999432e+01
-1.850208333333333144e+01
-1.849791666666666856e+01
-1.849375000000000568e+01
-1.848958333333334281e+01
-1.848541666666667993e+01
-1.848124999999998863e+01
-1.847708333333332575e+01
-1.847291666666666288e+01
-1.846875000000000000e+01
-1.846458333333333712e+01
-1.846041666666667425e+01
-1.845625000000001137e+01
-1.845208333333334849e+01
-1.844791666666665719e+01
-1.844374999999999432e+01
-1.843958333333333144e+01
-1.843541666666666856e+01
-1.843125000000000568e+01
-1.842708333333334281e+01
-1.842291666666667993e+01
-1.841874999999998863e+01
-1.841458333333332575e+01
-1.841041666666666288e+01
-1.840625000000000000e+01
-1.840208333333333712e+01
-1.839791666666667425e+01
-1.839375000000001137e+01
-1.838958333333334849e+01
-1.838541666666665719e+01
-1.838124999999999432e+01
-1.837708333333333144e+01
-1.837291666666666856e+01
-1.836875000000000568e+01
-1.836458333333334281e+01
-1.836041666666667993e+01
-1.835624999999998863e+01
-1.835208333333332575e+01
-1.834791666666666288e+01
-1.834375000000000000e+01
-1.833958333333333712e+01
-1.833541666666667425e+01
-1.833125000000001137e+01
-1.832708333333334849e+01
-1.832291666666665719e+01
-1.831874999999999432e+01
-1.831458333333333144e+01
-1.831041666666666856e+01
-1.830625000000000568e+01
-1.830208333333334281e+01
-1.829791666666667993e+01
-1.829374999999998863e+01
-1.828958333333332575e+01
-1.828541666666666288e+01
-1.828125000000000000e+01
-1.827708333333333712e+01
-1.827291666666667425e+01
-1.826875000000001137e+01
-1.826458333333334849e+01
-1.826041666666665719e+01
-1.825624999999999432e+01
-1.825208333333333144e+01
-1.824791666666666856e+01
-1.824375000000000568e+01
-1.823958333333334281e+01
-1.823541666666667993e+01
-1.823124999999998863e+01
-1.822708333333332575e+01
-1.822291666666666288e+01
-1.821875000000000000e+01
-1.821458333333333712e+01
-1.821041666666667425e+01
-1.820625000000001137e+01
-1.820208333333334849e+01
-1.819791666666665719e+01
-1.819374999999999432e+01
-1.818958333333333144e+01
-1.818541666666666856e+01
-1.818125000000000568e+01
-1.817708333333334281e+01
-1.817291666666667993e+01
-1.816874999999998863e+01
-1.816458333333332575e+01
-1.816041666666666288e+01
-1.815625000000000000e+01
-1.815208333333333712e+01
-1.814791666666667425e+01
-1.814375000000001137e+01
-1.813958333333334849e+01
-1.813541666666665719e+01
-1.813124999999999432e+01
-1.812708333333333144e+01
-1.812291666666666856e+01
-1.811875000000000568e+01
-1.811458333333334281e+01
-1.811041666666667993e+01
-1.810624999999998863e+01
-1.810208333333332575e+01
-1.809791666666666288e+01
-1.809375000000000000e+01
-1.808958333333333712e+01
-1.808541666666667425e+01
-1.808125000000001137e+01
-1.807708333333334849e+01
-1.807291666666665719e+01
-1.806874999999999432e+01
-1.806458333333333144e+01
-1.806041666666666856e+01
-1.805625000000000568e+01
-1.805208333333334281e+01
-1.804791666666667993e+01
-1.804374999999998863e+01
-1.803958333333332575e+01
-1.803541666666666288e+01
-1.803125000000000000e+01
-1.802708333333333712e+01
-1.802291666666667425e+01
-1.801875000000001137e+01
-1.801458333333334849e+01
-1.801041666666665719e+01
-1.800624999999999432e+01
-1.800208333333333144e+01
-1.799791666666666856e+01
-1.799375000000000568e+01
-1.798958333333334281e+01
-1.798541666666667993e+01
-1.798124999999998863e+01
-1.797708333333332575e+01
-1.797291666666666288e+01
-1.796875000000000000e+01
-1.796458333333333712e+01
-1.796041666666667425e+01
-1.795625000000001137e+01
-1.795208333333334849e+01
-1.794791666666665719e+01
-1.794374999999999432e+01
-1.793958333333333144e+01
-1.793541666666666856e+01
-1.793125000000000568e+01
-1.792708333333334281e+01
-1.792291666666667993e+01
-1.791874999999998863e+01
-1.791458333333332575e+01
-1.791041666666666288e+01
-1.790625000000000000e+01
-1.790208333333333712e+01
-1.789791666666667425e+01
-1.789375000000001137e+01
-1.788958333333334849e+01
-1.788541666666665719e+01
-1.788124999999999432e+01
-1.787708333333333144e+01
-1.787291666666666856e+01
-1.786875000000000568e+01
-1.786458333333334281e+01
-1.786041666666667993e+01
-1.785624999999998863e+01
-1.785208333333332575e+01
-1.784791666666666288e+01
-1.784375000000000000e+01
-1.783958333333333712e+01
-1.783541666666667425e+01
-1.783125000000001137e+01
-1.782708333333334849e+01
-1.782291666666665719e+01
-1.781874999999999432e+01
-1.781458333333333144e+01
-1.781041666666666856e+01
-1.780625000000000568e+01
-1.780208333333334281e+01
-1.779791666666667993e+01
-1.779374999999998863e+01
-1.778958333333332575e+01
-1.778541666666666288e+01
-1.778125000000000000e+01
-1.777708333333333712e+01
-1.777291666666667425e+01
-1.776875000000001137e+01
-1.776458333333334849e+01
-1.776041666666665719e+01
-1.775624999999999432e+01
-1.775208333333333144e+01
-1.774791666666666856e+01
-1.774375000000000568e+01
-1.773958333333334281e+01
-1.773541666666667993e+01
-1.773124999999998863e+01
-1.772708333333332575e+01
-1.772291666666666288e+01
-1.771875000000000000e+01
-1.771458333333333712e+01
-1.771041666666667425e+01
-1.770625000000001137e+01
-1.770208333333334849e+01
-1.769791666666665719e+01
-1.769374999999999432e+01
-1.768958333333333144e+01
-1.768541666666666856e+01
-1.768125000000000568e+01
-1.767708333333334281e+01
-1.767291666666667993e+01
-1.766874999999998863e+01
-1.766458333333332575e+01
-1.766041666666666288e+01
-1.765625000000000000e+01
-1.765208333333333712e+01
-1.764791666666667425e+01
-1.764375000000001137e+01
-1.763958333333334849e+01
-1.763541666666665719e+01
-1.763124999999999432e+01
-1.762708333333333144e+01
-1.762291666666666856e+01
-1.761875000000000568e+01
-1.761458333333334281e+01
-1.761041666666667993e+01
-1.760624999999998863e+01
-1.760208333333332575e+01
-1.759791666666666288e+01
-1.759375000000000000e+01
-1.758958333333333712e+01
-1.758541666666667425e+01
-1.758125000000001137e+01
-1.757708333333334849e+01
-1.757291666666665719e+01
-1.756874999999999432e+01
-1.756458333333333144e+01
-1.756041666666666856e+01
-1.755625000000000568e+01
-1.755208333333334281e+01
-1.754791666666667993e+01
-1.754374999999998863e+01
-1.753958333333332575e+01
-1.753541666666666288e+01
-1.753125000000000000e+01
-1.752708333333333712e+01
-1.752291666666667425e+01
-1.751875000000001137e+01
-1.751458333333334849e+01
-1.751041666666665719e+01
-1.750624999999999432e+01
-1.750208333333333144e+01
-1.749791666666666856e+01
-1.749375000000000568e+01
-1.748958333333334281e+01
-1.748541666666667993e+01
-1.748124999999998863e+01
-1.747708333333332575e+01
-1.747291666666666288e+01
-1.746875000000000000e+01
-1.746458333333333712e+01
-1.746041666666667425e+01
-1.745625000000001137e+01
-1.745208333333334849e+01
-1.744791666666665719e+01
-1.744374999999999432e+01
-1.743958333333333144e+01
-1.743541666666666856e+01
-1.743125000000000568e+01
-1.742708333333334281e+01
-1.742291666666667993e+01
-1.741874999999998863e+01
-1.741458333333332575e+01
-1.741041666666666288e+01
-1.740625000000000000e+01
-1.740208333333333712e+01
-1.739791666666667425e+01
-1.739375000000001137e+01
-1.738958333333334849e+01
-1.738541666666665719e+01
-1.738124999999999432e+01
-1.737708333333333144e+01
-1.737291666666666856e+01
-1.736875000000000568e+01
-1.736458333333334281e+01
-1.736041666666667993e+01
-1.735624999999998863e+01
-1.735208333333332575e+01
-1.734791666666666288e+01
-1.734375000000000000e+01
-1.733958333333333712e+01
-1.733541666666667425e+01
-1.733125000000001137e+01
-1.732708333333334849e+01
-1.732291666666665719e+01
-1.731874999999999432e+01
-1.731458333333333144e+01
-1.731041666666666856e+01
-1.730625000000000568e+01
-1.730208333333334281e+01
-1.729791666666667993e+01
-1.729374999999998863e+01
-1.728958333333332575e+01
-1.728541666666666288e+01
-1.728125000000000000e+01
-1.727708333333333712e+01
-1.727291666666667425e+01
-1.726875000000001137e+01
-1.726458333333334849e+01
-1.726041666666665719e+01
-1.725624999999999432e+01
-1.725208333333333144e+01
-1.724791666666666856e+01
-1.724375000000000568e+01
-1.723958333333334281e+01
-1.723541666666667993e+01
-1.723124999999998863e+01
-1.722708333333332575e+01
-1.722291666666666288e+01
-1.721875000000000000e+01
-1.721458333333333712e+01
-1.721041666666667425e+01
-1.720625000000001137e+01
-1.720208333333334849e+01
-1.719791666666665719e+01
-1.719374999999999432e+01
-1.718958333333333144e+01
-1.718541666666666856e+01
-1.718125000000000568e+01
-1.717708333333334281e+01
-1.717291666666667993e+01
-1.716874999999998863e+01
-1.716458333333332575e+01
-1.716041666666666288e+01
-1.715625000000000000e+01
-1.715208333333333712e+01
-1.714791666666667425e+01
-1.714375000000001137e+01
-1.713958333333334849e+01
-1.713541666666665719e+01
-1.713124999999999432e+01
-1.712708333333333144e+01
-1.712291666666666856e+01
-1.711875000000000568e+01
-1.711458333333334281e+01
-1.711041666666667993e+01
-1.710624999999998863e+01
-1.710208333333332575e+01
-1.709791666666666288e+01
-1.709375000000000000e+01
-1.708958333333333712e+01
-1.708541666666667425e+01
-1.708125000000001137e+01
-1.707708333333334849e+01
-1.707291666666665719e+01
-1.706874999999999432e+01
-1.706458333333333144e+01
-1.706041666666666856e+01
-1.705625000000000568e+01
-1.705208333333334281e+01
-1.704791666666667993e+01
-1.704374999999998863e+01
-1.703958333333332575e+01
-1.703541666666666288e+01
-1.703125000000000000e+01
-1.702708333333333712e+01
-1.702291666666667425e+01
-1.701875000000001137e+01
-1.701458333333334849e+01
-1.701041666666665719e+01
-1.700624999999999432e+01
-1.700208333333333144e+01
-1.699791666666666856e+01
-1.699375000000000568e+01
-1.698958333333334281e+01
-1.698541666666667993e+01
-1.698124999999998863e+01
-1.697708333333332575e+01
-1.697291666666666288e+01
-1.696875000000000000e+01
-1.696458333333333712e+01
-1.696041666666667425e+01
-1.695625000000001137e+01
-1.695208333333334849e+01
-1.694791666666665719e+01
-1.694374999999999432e+01
-1.693958333333333144e+01
-1.693541666666666856e+01
-1.693125000000000568e+01
-1.692708333333334281e+01
-1.692291666666667993e+01
-1.691874999999998863e+01
-1.691458333333332575e+01
-1.691041666666666288e+01
-1.690625000000000000e+01
-1.690208333333333712e+01
-1.689791666666667425e+01
-1.689375000000001137e+01
-1.688958333333334849e+01
-1.688541666666665719e+01
-1.688124999999999432e+01
-1.687708333333333144e+01
-1.687291666666666856e+01
-1.686875000000000568e+01
-1.686458333333334281e+01
-1.686041666666667993e+01
-1.685624999999998863e+01
-1.685208333333332575e+01
-1.684791666666666288e+01
-1.684375000000000000e+01
-1.683958333333333712e+01
-1.683541666666667425e+01
-1.683125000000001137e+01
-1.682708333333334849e+01
-1.682291666666665719e+01
-1.681874999999999432e+01
-1.681458333333333144e+01
-1.681041666666666856e+01
-1.680625000000000568e+01
-1.680208333333334281e+01
-1.679791666666667993e+01
-1.679374999999998863e+01
-1.678958333333332575e+01
-1.678541666666666288e+01
-1.678125000000000000e+01
-1.677708333333333712e+01
-1.677291666666667425e+01
-1.676875000000001137e+01
-1.676458333333334849e+01
-1.676041666666665719e+01
-1.675624999999999432e+01
-1.675208333333333144e+01
-1.674791666666666856e+01
-1.674375000000000568e+01
-1.673958333333334281e+01
-1.673541666666667993e+01
-1.673124999999998863e+01
-1.672708333333332575e+01
-1.672291666666666288e+01
-1.671875000000000000e+01
-1.671458333333333712e+01
-1.671041666666667425e+01
-1.670625000000001137e+01
-1.670208333333334849e+01
-1.669791666666665719e+01
-1.669374999999999432e+01
-1.668958333333333144e+01
-1.668541666666666856e+01
-1.668125000000000568e+01
-1.667708333333334281e+01
-1.667291666666667993e+01
-1.666874999999998863e+01
-1.666458333333332575e+01
-1.666041666666666288e+01
-1.665625000000000000e+01
-1.665208333333333712e+01
-1.664791666666667425e+01
-1.664375000000001137e+01
-1.663958333333334849e+01
-1.663541666666665719e+01
-1.663124999999999432e+01
-1.662708333333333144e+01
-1.662291666666666856e+01
-1.661875000000000568e+01
-1.661458333333334281e+01
-1.661041666666667993e+01
-1.660624999999998863e+01
-1.660208333333332575e+01
-1.659791666666666288e+01
-1.659375000000000000e+01
-1.658958333333333712e+01
-1.658541666666667425e+01
-1.658125000000001137e+01
-1.657708333333334849e+01
-1.657291666666665719e+01
-1.656874999999999432e+01
-1.656458333333333144e+01
-1.656041666666666856e+01
-1.655625000000000568e+01
-1.655208333333334281e+01
-1.654791666666667993e+01
-1.654374999999998863e+01
-1.653958333333332575e+01
-1.653541666666666288e+01
-1.653125000000000000e+01
-1.652708333333333712e+01
-1.652291666666667425e+01
-1.651875000000001137e+01
-1.651458333333334849e+01
-1.651041666666665719e+01
-1.650624999999999432e+01
-1.650208333333333144e+01
-1.649791666666666856e+01
-1.649375000000000568e+01
-1.648958333333334281e+01
-1.648541666666667993e+01
-1.648124999999998863e+01
-1.647708333333332575e+01
-1.647291666666666288e+01
-1.646875000000000000e+01
-1.646458333333333712e+01
-1.646041666666667425e+01
-1.645625000000001137e+01
-1.645208333333334849e+01
-1.644791666666665719e+01
-1.644374999999999432e+01
-1.643958333333333144e+01
-1.643541666666666856e+01
-1.643125000000000568e+01
-1.642708333333334281e+01
-1.642291666666667993e+01
-1.641874999999998863e+01
-1.641458333333332575e+01
-1.641041666666666288e+01
-1.640625000000000000e+01
-1.640208333333333712e+01
-1.639791666666667425e+01
-1.639375000000001137e+01
-1.638958333333334849e+01
-1.638541666666665719e+01
-1.638124999999999432e+01
-1.637708333333333144e+01
-1.637291666666666856e+01
-1.636875000000000568e+01
-1.636458333333334281e+01
-1.636041666666667993e+01
-1.635624999999998863e+01
-1.635208333333332575e+01
-1.634791666666666288e+01
-1.634375000000000000e+01
-1.633958333333333712e+01
-1.633541666666667425e+01
-1.633125000000001137e+01
-1.632708333333334849e+01
-1.632291666666665719e+01
-1.631874999999999432e+01
-1.631458333333333144e+01
-1.631041666666666856e+01
-1.630625000000000568e+01
-1.630208333333334281e+01
-1.629791666666667993e+01
-1.629374999999998863e+01
-1.628958333333332575e+01
-1.628541666666666288e+01
-1.628125000000000000e+01
-1.627708333333333712e+01
-1.627291666666667425e+01
-1.626875000000001137e+01
-1.626458333333334849e+01
-1.626041666666665719e+01
-1.625624999999999432e+01
-1.625208333333333144e+01
-1.624791666666666856e+01
-1.624375000000000568e+01
-1.623958333333334281e+01
-1.623541666666667993e+01
-1.623124999999998863e+01
-1.622708333333332575e+01
-1.622291666666666288e+01
-1.621875000000000000e+01
-1.621458333333333712e+01
-1.621041666666667425e+01
-1.620625000000001137e+01
-1.620208333333334849e+01
-1.619791666666665719e+01
-1.619374999999999432e+01
-1.618958333333333144e+01
-1.618541666666666856e+01
-1.618125000000000568e+01
-1.617708333333334281e+01
-1.617291666666667993e+01
-1.616874999999998863e+01
-1.616458333333332575e+01
-1.616041666666666288e+01
-1.615625000000000000e+01
-1.615208333333333712e+01
-1.614791666666667425e+01
-1.614375000000001137e+01
-1.613958333333334849e+01
-1.613541666666665719e+01
-1.613124999999999432e+01
-1.612708333333333144e+01
-1.612291666666666856e+01
-1.611875000000000568e+01
-1.611458333333334281e+01
-1.611041666666667993e+01
-1.610624999999998863e+01
-1.610208333333332575e+01
-1.609791666666666288e+01
-1.609375000000000000e+01
-1.608958333333333712e+01
-1.608541666666667425e+01
-1.608125000000001137e+01
-1.607708333333334849e+01
-1.607291666666665719e+01
-1.606874999999999432e+01
-1.606458333333333144e+01
-1.606041666666666856e+01
-1.605625000000000568e+01
-1.605208333333334281e+01
-1.604791666666667993e+01
-1.604374999999998863e+01
-1.603958333333332575e+01
-1.603541666666666288e+01
-1.603125000000000000e+01
-1.602708333333333712e+01
-1.602291666666667425e+01
-1.601875000000001137e+01
-1.601458333333334849e+01
-1.601041666666665719e+01
-1.600624999999999432e+01
-1.600208333333333144e+01
-1.599791666666666856e+01
-1.599375000000000568e+01
-1.598958333333334281e+01
-1.598541666666667993e+01
-1.598124999999998863e+01
-1.597708333333332575e+01
-1.597291666666666288e+01
-1.596875000000000000e+01
-1.596458333333333712e+01
-1.596041666666667425e+01
-1.595625000000001137e+01
-1.595208333333334849e+01
-1.594791666666665719e+01
-1.594374999999999432e+01
-1.593958333333333144e+01
-1.593541666666666856e+01
-1.593125000000000568e+01
-1.592708333333334281e+01
-1.592291666666667993e+01
-1.591874999999998863e+01
-1.591458333333332575e+01
-1.591041666666666288e+01
-1.590625000000000000e+01
-1.590208333333333712e+01
-1.589791666666667425e+01
-1.589375000000001137e+01
-1.588958333333334849e+01
-1.588541666666665719e+01
-1.588124999999999432e+01
-1.587708333333333144e+01
-1.587291666666666856e+01
-1.586875000000000568e+01
-1.586458333333334281e+01
-1.586041666666667993e+01
-1.585624999999998863e+01
-1.585208333333332575e+01
-1.584791666666666288e+01
-1.584375000000000000e+01
-1.583958333333333712e+01
-1.583541666666667425e+01
-1.583125000000001137e+01
-1.582708333333334849e+01
-1.582291666666665719e+01
-1.581874999999999432e+01
-1.581458333333333144e+01
-1.581041666666666856e+01
-1.580625000000000568e+01
-1.580208333333334281e+01
-1.579791666666667993e+01
-1.579374999999998863e+01
-1.578958333333332575e+01
-1.578541666666666288e+01
-1.578125000000000000e+01
-1.577708333333333712e+01
-1.577291666666667425e+01
-1.576875000000001137e+01
-1.576458333333334849e+01
-1.576041666666665719e+01
-1.575624999999999432e+01
-1.575208333333333144e+01
-1.574791666666666856e+01
-1.574375000000000568e+01
-1.573958333333334281e+01
-1.573541666666667993e+01
-1.573124999999998863e+01
-1.572708333333332575e+01
-1.572291666666666288e+01
-1.571875000000000000e+01
-1.571458333333333712e+01
-1.571041666666667425e+01
-1.570625000000001137e+01
-1.570208333333334849e+01
-1.569791666666665719e+01
-1.569374999999999432e+01
-1.568958333333333144e+01
-1.568541666666666856e+01
-1.568125000000000568e+01
-1.567708333333334281e+01
-1.567291666666667993e+01
-1.566874999999998863e+01
-1.566458333333332575e+01
-1.566041666666666288e+01
-1.565625000000000000e+01
-1.565208333333333712e+01
-1.564791666666667425e+01
-1.564375000000001137e+01
-1.563958333333334849e+01
-1.563541666666665719e+01
-1.563124999999999432e+01
-1.562708333333333144e+01
-1.562291666666666856e+01
-1.561875000000000568e+01
-1.561458333333334281e+01
-1.561041666666667993e+01
-1.560624999999998863e+01
-1.560208333333332575e+01
-1.559791666666666288e+01
-1.559375000000000000e+01
-1.558958333333333712e+01
-1.558541666666667425e+01
-1.558125000000001137e+01
-1.557708333333334849e+01
-1.557291666666665719e+01
-1.556874999999999432e+01
-1.556458333333333144e+01
-1.556041666666666856e+01
-1.555625000000000568e+01
-1.555208333333334281e+01
-1.554791666666667993e+01
-1.554374999999998863e+01
-1.553958333333332575e+01
-1.553541666666666288e+01
-1.553125000000000000e+01
-1.552708333333333712e+01
-1.552291666666667425e+01
-1.551875000000001137e+01
-1.551458333333334849e+01
-1.551041666666665719e+01
-1.550624999999999432e+01
-1.550208333333333144e+01
-1.549791666666666856e+01
-1.549375000000000568e+01
-1.548958333333334281e+01
-1.548541666666667993e+01
-1.548124999999998863e+01
-1.547708333333332575e+01
-1.547291666666666288e+01
-1.546875000000000000e+01
-1.546458333333333712e+01
-1.546041666666667425e+01
-1.545625000000001137e+01
-1.545208333333334849e+01
-1.544791666666665719e+01
-1.544374999999999432e+01
-1.543958333333333144e+01
-1.543541666666666856e+01
-1.543125000000000568e+01
-1.542708333333334281e+01
-1.542291666666667993e+01
-1.541874999999998863e+01
-1.541458333333332575e+01
-1.541041666666666288e+01
-1.540625000000000000e+01
-1.540208333333333712e+01
-1.539791666666667425e+01
-1.539375000000001137e+01
-1.538958333333334849e+01
-1.538541666666665719e+01
-1.538124999999999432e+01
-1.537708333333333144e+01
-1.537291666666666856e+01
-1.536875000000000568e+01
-1.536458333333334281e+01
-1.536041666666667993e+01
-1.535624999999998863e+01
-1.535208333333332575e+01
-1.534791666666666288e+01
-1.534375000000000000e+01
-1.533958333333333712e+01
-1.533541666666667425e+01
-1.533125000000001137e+01
-1.532708333333334849e+01
-1.532291666666665719e+01
-1.531874999999999432e+01
-1.531458333333333144e+01
-1.531041666666666856e+01
-1.530625000000000568e+01
-1.530208333333334281e+01
-1.529791666666667993e+01
-1.529374999999998863e+01
-1.528958333333332575e+01
-1.528541666666666288e+01
-1.528125000000000000e+01
-1.527708333333333712e+01
-1.527291666666667425e+01
-1.526875000000001137e+01
-1.526458333333334849e+01
-1.526041666666665719e+01
-1.525624999999999432e+01
-1.525208333333333144e+01
-1.524791666666666856e+01
-1.524375000000000568e+01
-1.523958333333334281e+01
-1.523541666666667993e+01
-1.523124999999998863e+01
-1.522708333333332575e+01
-1.522291666666666288e+01
-1.521875000000000000e+01
-1.521458333333333712e+01
-1.521041666666667425e+01
-1.520625000000001137e+01
-1.520208333333334849e+01
-1.519791666666665719e+01
-1.519374999999999432e+01
-1.518958333333333144e+01
-1.518541666666666856e+01
-1.518125000000000568e+01
-1.517708333333334281e+01
-1.517291666666667993e+01
-1.516874999999998863e+01
-1.516458333333332575e+01
-1.516041666666666288e+01
-1.515625000000000000e+01
-1.515208333333333712e+01
-1.514791666666667425e+01
-1.514375000000001137e+01
-1.513958333333334849e+01
-1.513541666666665719e+01
-1.513124999999999432e+01
-1.512708333333333144e+01
-1.512291666666666856e+01
-1.511875000000000568e+01
-1.511458333333334281e+01
-1.511041666666667993e+01
-1.510624999999998863e+01
-1.510208333333332575e+01
-1.509791666666666288e+01
-1.509375000000000000e+01
-1.508958333333333712e+01
-1.508541666666667425e+01
-1.508125000000001137e+01
-1.507708333333334849e+01
-1.507291666666665719e+01
-1.506874999999999432e+01
-1.506458333333333144e+01
-1.506041666666666856e+01
-1.505625000000000568e+01
-1.505208333333334281e+01
-1.504791666666667993e+01
-1.504374999999998863e+01
-1.503958333333332575e+01
-1.503541666666666288e+01
-1.503125000000000000e+01
-1.502708333333333712e+01
-1.502291666666667425e+01
-1.501875000000001137e+01
-1.501458333333334849e+01
-1.501041666666665719e+01
-1.500624999999999432e+01
-1.500208333333333144e+01
-1.499791666666666856e+01
-1.499375000000000568e+01
-1.498958333333334281e+01
-1.498541666666667993e+01
-1.498124999999998863e+01
-1.497708333333332575e+01
-1.497291666666666288e+01
-1.496875000000000000e+01
-1.496458333333333712e+01
-1.496041666666667425e+01
-1.495625000000001137e+01
-1.495208333333334849e+01
-1.494791666666665719e+01
-1.494374999999999432e+01
-1.493958333333333144e+01
-1.493541666666666856e+01
-1.493125000000000568e+01
-1.492708333333334281e+01
-1.492291666666667993e+01
-1.491874999999998863e+01
-1.491458333333332575e+01
-1.491041666666666288e+01
-1.490625000000000000e+01
-1.490208333333333712e+01
-1.489791666666667425e+01
-1.489375000000001137e+01
-1.488958333333334849e+01
-1.488541666666665719e+01
-1.488124999999999432e+01
-1.487708333333333144e+01
-1.487291666666666856e+01
-1.486875000000000568e+01
-1.486458333333334281e+01
-1.486041666666667993e+01
-1.485624999999998863e+01
-1.485208333333332575e+01
-1.484791666666666288e+01
-1.484375000000000000e+01
-1.483958333333333712e+01
-1.483541666666667425e+01
-1.483125000000001137e+01
-1.482708333333334849e+01
-1.482291666666665719e+01
-1.481874999999999432e+01
-1.481458333333333144e+01
-1.481041666666666856e+01
-1.480625000000000568e+01
-1.480208333333334281e+01
-1.479791666666667993e+01
-1.479374999999998863e+01
-1.478958333333332575e+01
-1.478541666666666288e+01
-1.478125000000000000e+01
-1.477708333333333712e+01
-1.477291666666667425e+01
-1.476875000000001137e+01
-1.476458333333334849e+01
-1.476041666666665719e+01
-1.475624999999999432e+01
-1.475208333333333144e+01
-1.474791666666666856e+01
-1.474375000000000568e+01
-1.473958333333334281e+01
-1.473541666666667993e+01
-1.473124999999998863e+01
-1.472708333333332575e+01
-1.472291666666666288e+01
-1.471875000000000000e+01
-1.471458333333333712e+01
-1.471041666666667425e+01
-1.470625000000001137e+01
-1.470208333333334849e+01
-1.469791666666665719e+01
-1.469374999999999432e+01
-1.468958333333333144e+01
-1.468541666666666856e+01
-1.468125000000000568e+01
-1.467708333333334281e+01
-1.467291666666667993e+01
-1.466874999999998863e+01
-1.466458333333332575e+01
-1.466041666666666288e+01
-1.465625000000000000e+01
-1.465208333333333712e+01
-1.464791666666667425e+01
-1.464375000000001137e+01
-1.463958333333334849e+01
-1.463541666666665719e+01
-1.463124999999999432e+01
-1.462708333333333144e+01
-1.462291666666666856e+01
-1.461875000000000568e+01
-1.461458333333334281e+01
-1.461041666666667993e+01
-1.460624999999998863e+01
-1.460208333333332575e+01
-1.459791666666666288e+01
-1.459375000000000000e+01
-1.458958333333333712e+01
-1.458541666666667425e+01
-1.458125000000001137e+01
-1.457708333333334849e+01
-1.457291666666665719e+01
-1.456874999999999432e+01
-1.456458333333333144e+01
-1.456041666666666856e+01
-1.455625000000000568e+01
-1.455208333333334281e+01
-1.454791666666667993e+01
-1.454374999999998863e+01
-1.453958333333332575e+01
-1.453541666666666288e+01
-1.453125000000000000e+01
-1.452708333333333712e+01
-1.452291666666667425e+01
-1.451875000000001137e+01
-1.451458333333334849e+01
-1.451041666666665719e+01
-1.450624999999999432e+01
-1.450208333333333144e+01
